1 5 0.14440360
1 75 0.09219658
1 85 0.09806150
1 109 0.10567576
1 838 0.09987831
2 48 0.12575032
2 118 0.06839054
2 132 0.51490802
2 876 0.68946423
2 880 0.14649752
2 1014 0.13081985
3 15 0.16859631
3 54 0.24604998
3 76 0.26925470
3 136 0.20437306
3 902 0.10153454
3 958 0.07745808
3 1030 0.17773418
3 1047 0.13976106
4 7 0.17289501
4 19 0.17544546
4 92 0.15859025
4 137 0.75785593
4 146 0.19383147
5 1 0.14440360
5 53 0.11523675
5 67 0.19382931
5 69 0.08940687
5 149 0.10183983
6 62 0.14101294
6 709 0.12865126
6 779 0.10936289
6 818 0.11779927
6 849 0.11547949
6 875 0.13124030
6 1032 0.03675492
7 4 0.17289501
7 12 0.11519922
7 19 0.22563132
7 21 0.12044589
7 22 0.08500628
7 29 0.20055915
7 32 0.10575450
7 52 0.08317823
7 59 0.10190171
7 62 0.11809137
7 64 0.08950593
7 73 0.13541884
7 75 0.24259469
7 83 0.10874579
7 85 0.22158370
7 89 0.15136293
7 90 0.11767465
7 92 0.23704737
7 96 0.16530616
7 101 0.09246076
7 109 0.21574468
7 114 0.17999709
7 120 0.15949873
7 123 0.11810097
7 128 0.13182419
7 134 0.15047133
7 137 0.23888523
7 140 0.31488856
7 151 0.14906304
7 158 0.08215429
7 162 0.13515859
7 163 0.09232084
7 170 0.07864237
7 171 0.09596661
7 173 0.08642740
7 361 0.12494648
7 538 0.10731149
7 701 0.10477471
7 708 0.19036881
7 710 0.07106901
7 711 0.10479624
7 712 0.15534743
7 713 0.14838103
7 717 0.19593272
7 727 0.12531417
7 743 0.14363447
7 764 0.13851187
7 765 0.20846378
7 767 0.11280055
7 769 0.16291909
7 773 0.11732513
7 787 0.12724310
7 793 0.12640327
7 797 0.16662314
7 803 0.08721405
7 812 0.15380981
7 820 0.15439992
7 836 0.11950988
7 843 0.16221340
7 844 0.11667430
7 854 0.15093522
7 858 0.12028158
7 859 0.09748461
7 867 0.10759473
7 879 0.17253048
7 895 0.15785342
7 899 0.13035577
7 904 0.10960564
7 909 0.12152890
7 911 0.14861423
7 914 0.08244077
7 924 0.13586860
7 941 0.07152050
7 944 0.12401320
7 950 0.14334518
7 967 0.13089632
7 973 0.10695670
7 976 0.12713103
7 983 0.18403500
7 986 0.16337239
7 990 0.15659210
7 992 0.12870106
7 1002 0.12149810
7 1014 0.16061362
7 1015 0.18192676
7 1029 0.13660364
7 1035 0.07214716
7 1040 0.14533633
7 1044 0.16256072
8 29 0.22968479
8 46 0.17399846
8 60 0.17057799
8 117 0.18877404
8 139 0.30347047
8 179 0.05157529
9 105 0.27231070
9 129 0.15369088
9 145 0.09122154
9 151 0.14597316
9 946 0.10426210
10 28 0.26830699
10 42 0.28722580
10 53 0.27351166
10 56 0.32584538
10 61 0.08789296
10 149 0.15874770
10 156 0.14966294
10 168 0.55492415
10 497 0.06559773
11 88 0.16976670
11 97 0.44946276
11 104 0.14317620
11 108 0.20172342
11 112 0.14308623
11 141 0.14103076
11 159 0.23855883
11 246 0.09200852
12 7 0.11519922
12 140 0.10939619
12 706 0.05949156
12 729 0.05988198
12 801 0.15143280
12 965 0.11684208
12 982 0.08828151
12 1038 0.11883291
13 36 0.27080119
13 40 0.17183230
13 44 0.27934117
13 82 0.92564185
13 110 0.20788197
13 131 0.42441305
14 32 0.09408209
14 63 0.09804394
14 133 0.06148001
14 379 0.05909402
14 736 0.08443095
15 3 0.16859631
15 54 0.17198872
15 73 0.19858375
15 76 0.21906211
15 136 0.19556013
15 840 0.06258708
16 24 0.13317479
16 75 0.12735643
16 101 0.14903084
16 125 0.13112382
16 692 0.07352716
16 941 0.06965510
16 1007 0.08620071
16 1040 0.12807197
17 70 0.10012139
17 86 0.15911126
17 115 0.12722941
17 129 0.12121574
17 150 0.13325441
17 309 0.07074361
18 41 0.12309965
18 99 0.25846338
18 125 0.12092713
18 169 0.14515019
18 174 0.15245685
18 956 0.13380863
18 1044 0.12508400
19 4 0.17544546
19 7 0.22563132
19 29 0.17094684
19 90 0.11343159
19 92 0.71995036
19 99 0.11821247
19 120 0.13012202
19 127 0.08885527
19 137 0.20285911
19 162 0.16510268
19 769 0.16798913
19 795 0.10963320
19 844 0.13840263
19 888 0.13101658
19 922 0.13658176
19 924 0.14007443
19 1044 0.14191681
20 33 0.21022315
20 35 0.07335695
20 37 0.26312488
20 38 0.17152410
20 39 0.24085231
20 66 0.32430416
20 100 0.18260080
20 113 0.35220355
20 128 0.15710501
20 134 0.11643128
20 153 0.18356717
20 948 0.23861906
20 1042 0.25225787
20 1046 0.22602502
21 7 0.12044589
21 140 0.11773646
21 176 0.09856809
21 193 0.10463341
21 491 0.07003536
21 1040 0.09867152
22 7 0.08500628
22 85 0.07802504
22 788 0.07874159
22 832 0.07956952
22 921 0.08528362
23 42 0.22914536
23 57 0.24724279
23 78 0.24422586
23 115 0.21935545
23 143 0.22477742
23 154 0.15169647
24 16 0.13317479
24 55 0.09097785
24 101 0.69160401
24 712 0.08827253
24 881 0.08502733
25 28 0.15521312
25 63 0.13332165
25 65 0.14855083
25 106 0.18251260
25 122 0.17789324
25 153 0.17043031
26 85 0.25965542
26 91 0.32322126
26 100 0.13990418
26 107 0.11011926
26 152 0.55630648
26 164 0.13937511
26 1031 0.14752135
27 28 0.11735163
27 50 0.19800376
27 106 0.14418546
27 122 0.15211478
27 153 0.12152001
28 10 0.26830699
28 25 0.15521312
28 27 0.11735163
28 37 0.66474969
28 38 0.25539082
28 50 0.14279665
28 56 0.24276919
28 106 0.19359616
28 153 0.46081458
28 168 0.27807358
29 7 0.20055915
29 8 0.22968479
29 19 0.17094684
29 60 0.36980155
29 92 0.15801981
29 734 0.11860911
29 753 0.09405204
29 922 0.13357104
30 46 0.24824147
30 60 0.16186741
30 86 0.15010105
30 117 0.18890506
30 139 0.16029548
31 34 0.18007855
31 43 0.29728010
31 56 0.19384235
31 79 0.10892814
31 142 0.21858602
31 144 0.19031807
31 160 0.11864756
32 7 0.10575450
32 14 0.09408209
32 59 0.25224297
32 63 0.13707936
32 140 0.09932395
32 762 0.09957122
33 20 0.21022315
33 66 0.17295315
33 113 0.20807627
33 128 0.16544859
33 1031 0.54440219
33 1042 0.18654069
34 31 0.18007855
34 43 0.25378344
34 92 0.14628107
34 144 0.19722428
34 151 0.14431739
34 750 0.14493347
35 20 0.07335695
35 218 0.07285056
35 229 0.07652558
35 239 0.10928958
35 937 0.07327239
36 13 0.27080119
36 40 0.32598827
36 44 0.55745150
36 82 0.17255874
36 110 0.33761197
36 131 0.37198062
36 159 0.26756537
36 721 0.20026516
37 20 0.26312488
37 28 0.66474969
37 38 0.24534442
37 77 0.21540139
37 81 0.16760033
37 100 0.22946425
37 115 0.23333693
37 138 0.19977999
37 153 0.53816745
37 172 0.24987769
37 532 0.07153164
37 1048 0.13455149
38 20 0.17152410
38 28 0.25539082
38 37 0.24534442
38 50 0.14240088
38 100 0.17148294
38 122 0.20493234
38 123 0.09080889
38 153 0.24380982
39 20 0.24085231
39 66 0.38620172
39 89 0.13212156
39 113 0.26182819
39 127 0.14507822
39 134 0.15590649
39 948 0.18565748
39 967 0.11309885
39 1042 0.36749131
40 13 0.17183230
40 36 0.32598827
40 44 0.42567238
40 110 0.26267735
40 131 0.25336378
40 721 0.15322768
40 795 0.15070333
41 18 0.12309965
41 86 0.12313865
41 169 0.13727035
41 174 0.15231227
41 956 0.13202462
42 10 0.28722580
42 23 0.22914536
42 55 0.21122724
42 57 0.33509010
42 78 0.18511561
42 115 0.25731451
42 143 0.37577071
42 330 0.09796097
43 31 0.29728010
43 34 0.25378344
43 144 0.29604407
43 160 0.12768436
43 166 0.13899679
44 13 0.27934117
44 36 0.55745150
44 40 0.42567238
44 110 0.45775841
44 131 0.43071443
44 159 0.21595903
44 721 0.26925431
44 798 0.11173489
45 47 0.26706123
45 119 0.31775137
45 133 0.16462037
45 165 0.16378162
45 743 0.16375681
45 784 0.09674131
45 832 0.14093495
46 8 0.17399846
46 30 0.24824147
46 60 0.23046491
46 117 0.24085273
46 139 0.16412511
46 230 0.10566528
47 45 0.26706123
47 67 0.23979168
47 87 0.16110659
47 119 0.16066711
47 157 0.18756181
47 165 0.14618515
48 2 0.12575032
48 58 0.17181389
48 71 0.54016867
48 116 0.63234474
48 118 0.06301823
48 175 0.53702216
48 536 0.08844795
48 876 0.16645763
48 895 0.17388576
48 949 0.18356955
48 956 0.21639582
48 977 0.31461114
48 999 0.19736199
48 1030 0.23830140
49 818 0.06029799
49 854 0.07567044
49 862 0.06610648
49 942 0.07398809
49 992 0.05696632
50 27 0.19800376
50 28 0.14279665
50 38 0.14240088
50 106 0.15477790
50 122 0.23683597
51 53 0.64841928
51 69 0.22095263
51 102 0.14732878
51 111 0.20961237
51 126 0.32256060
51 136 0.16941635
51 149 0.78728482
51 179 0.04616387
51 297 0.07182113
51 771 0.08945387
52 7 0.08317823
52 103 0.13719818
52 366 0.06775624
52 409 0.08464653
52 424 0.06865216
52 521 0.07855844
52 753 0.08939740
52 849 0.08113194
53 5 0.11523675
53 10 0.27351166
53 51 0.64841928
53 56 0.24214373
53 67 0.10495660
53 102 0.13979791
53 111 0.16375406
53 126 0.15129937
53 149 0.75001824
53 168 0.28501126
53 403 0.06572553
54 3 0.24604998
54 15 0.17198872
54 76 0.27206833
54 136 0.26699375
54 902 0.04944155
54 924 0.11874043
55 24 0.09097785
55 42 0.21122724
55 57 0.23227991
55 115 0.24181066
55 138 0.38287630
55 168 0.22120656
56 10 0.32584538
56 28 0.24276919
56 31 0.19384235
56 53 0.24214373
56 168 0.34944819
57 23 0.24724279
57 42 0.33509010
57 55 0.23227991
57 61 0.08477831
57 78 0.24234546
57 115 0.28557457
57 138 0.19148662
57 143 0.31978447
57 154 0.18253125
57 155 0.22900907
57 156 0.16803331
57 168 0.22243320
58 48 0.17181389
58 116 0.19917895
58 977 0.27396880
58 995 0.09703826
58 999 0.53480014
58 1030 0.22508425
59 7 0.10190171
59 32 0.25224297
59 610 0.08728009
59 879 0.09525214
59 935 0.08868386
59 962 0.09434193
60 8 0.17057799
60 29 0.36980155
60 30 0.16186741
60 46 0.23046491
60 117 0.27244041
60 139 0.19598316
61 10 0.08789296
61 57 0.08477831
61 155 0.09955129
61 168 0.09618674
61 560 0.07270262
61 995 0.34599338
62 6 0.14101294
62 7 0.11809137
62 75 0.11975275
62 777 0.11055703
62 838 0.11433573
62 879 0.11804934
62 903 0.06999029
62 988 0.05242351
63 14 0.09804394
63 25 0.13332165
63 32 0.13707936
63 106 0.16781711
63 122 0.20758285
63 123 0.14783074
64 7 0.08950593
64 75 0.08910764
64 109 0.07730106
64 944 0.07706352
64 1015 0.08986112
65 25 0.14855083
65 106 0.13274305
65 122 0.14757785
65 151 0.12358789
65 153 0.12730125
66 20 0.32430416
66 33 0.17295315
66 39 0.38620172
66 113 0.29229687
66 134 0.22676837
66 228 0.12359104
66 371 0.07302253
66 948 0.21173344
66 1042 0.50026080
66 1046 0.19659350
67 5 0.19382931
67 47 0.23979168
67 53 0.10495660
67 87 0.17564799
67 157 0.25597950
68 99 0.33289552
68 124 0.14706268
68 162 0.12184296
68 167 0.21830387
68 901 0.14032930
69 5 0.08940687
69 51 0.22095263
69 126 0.22085769
69 240 0.09675948
69 402 0.13092496
69 897 0.06362053
69 922 0.21342048
69 924 0.17276835
70 17 0.10012139
70 86 0.10323388
70 115 0.11105249
70 129 0.10533534
70 150 0.12242540
71 48 0.54016867
71 116 0.73130123
71 146 0.16449015
71 175 0.23780013
71 920 0.04786632
71 977 0.20242182
71 1000 0.11437515
71 1030 0.21870011
72 91 0.50838869
72 97 0.10914129
72 124 0.12718184
72 138 0.11497034
72 168 0.10953347
72 927 0.07349357
73 7 0.13541884
73 15 0.19858375
73 75 0.12165442
73 140 0.12155593
73 385 0.06113478
73 717 0.11944768
74 123 0.19756708
74 791 0.06571472
74 812 0.07001512
74 829 0.07232984
74 879 0.07303631
75 1 0.09219658
75 7 0.24259469
75 16 0.12735643
75 62 0.11975275
75 64 0.08910764
75 73 0.12165442
75 85 0.18376005
75 89 0.12192147
75 98 0.09939878
75 109 0.16786361
75 114 0.13485323
75 137 0.16868275
75 140 0.18764456
75 163 0.07760351
75 170 0.08347154
75 245 0.04451064
75 307 0.08217357
75 370 0.05940390
75 538 0.10187566
75 704 0.09381131
75 707 0.11071861
75 717 0.18201870
75 724 0.10536738
75 773 0.10096457
75 787 0.11885432
75 813 0.11731445
75 824 0.15808862
75 843 0.13471850
75 910 0.08789244
75 954 0.08995019
75 964 0.05573797
75 983 0.14677583
75 990 0.12567087
75 1002 0.11060177
75 1004 0.06214276
75 1007 0.08607342
75 1022 0.10871782
75 1040 0.14113584
76 3 0.26925470
76 15 0.21906211
76 54 0.27206833
76 127 0.13111473
76 136 0.33657868
76 902 0.08318156
77 37 0.21540139
77 80 0.19526434
77 81 0.16624779
77 172 0.65213079
77 1030 0.27054011
78 23 0.24422586
78 42 0.18511561
78 57 0.24234546
78 143 0.20772209
78 154 0.21213376
78 855 0.11358954
78 942 0.07606913
79 31 0.10892814
79 85 0.13285623
79 109 0.16409709
79 142 0.15706734
79 152 0.12452619
79 954 0.08894119
80 77 0.19526434
80 81 0.33103228
80 116 0.18285894
80 172 0.25737629
80 1030 0.24150492
81 37 0.16760033
81 77 0.16624779
81 80 0.33103228
81 137 0.20157178
81 172 0.21292947
81 1002 0.10405887
81 1030 0.21084523
82 13 0.92564185
82 36 0.17255874
82 110 0.10260358
82 131 0.35034759
82 159 0.09848400
83 7 0.10874579
83 88 0.18347286
83 108 0.18934708
83 159 0.19085466
83 769 0.15993956
84 116 0.17143058
84 169 0.13587512
84 175 0.13902504
84 974 0.07109539
84 999 0.15931930
84 1014 0.17000523
85 1 0.09806150
85 7 0.22158370
85 22 0.07802504
85 26 0.25965542
85 75 0.18376005
85 79 0.13285623
85 89 0.12010939
85 109 0.77528440
85 120 0.14230322
85 133 0.12393603
85 140 0.20723479
85 701 0.08974576
85 717 0.15271218
85 719 0.12205511
85 728 0.12285501
85 833 0.10617933
85 863 0.13256875
86 17 0.15911126
86 30 0.15010105
86 41 0.12313865
86 70 0.10323388
86 132 0.15446739
86 150 0.12345737
86 169 0.15228334
86 174 0.16857054
86 876 0.15984418
86 956 0.15402173
87 47 0.16110659
87 67 0.17564799
87 157 0.16080106
87 966 0.16935350
87 1023 0.15866060
88 11 0.16976670
88 83 0.18347286
88 104 0.15632260
88 108 0.38937889
88 112 0.14318767
88 159 0.42509261
88 202 0.13416648
88 602 0.10479070
89 7 0.15136293
89 39 0.13212156
89 75 0.12192147
89 85 0.12010939
89 114 0.42973520
89 170 0.08297834
90 7 0.11767465
90 19 0.11343159
90 92 0.10131044
90 102 0.13968117
90 140 0.10420611
91 26 0.32322126
91 72 0.50838869
91 143 0.16673955
91 152 0.38282203
91 168 0.18899834
91 927 0.06562113
92 4 0.15859025
92 7 0.23704737
92 19 0.71995036
92 29 0.15801981
92 34 0.14628107
92 90 0.10131044
92 137 0.23650373
92 140 0.18405749
92 151 0.15900041
92 162 0.13407394
92 844 0.10126679
92 880 0.18219509
92 888 0.11054795
92 907 0.12933011
92 964 0.05576023
92 1044 0.16311357
93 97 0.18795694
93 124 0.28986032
93 142 0.16241844
93 155 0.21533464
93 209 0.09372503
93 542 0.06673659
93 1015 0.17913965
94 147 0.11284061
94 962 0.15433501
94 966 0.31049771
94 970 0.17119638
94 1021 0.23422725
94 1023 0.15190720
95 186 0.06711156
95 516 0.06650704
95 706 0.10564615
95 845 0.06809334
95 1000 0.05065672
96 7 0.16530616
96 135 0.07919025
96 708 0.19156878
96 717 0.13844950
96 748 0.12406939
96 767 0.11661525
96 812 0.14847908
96 839 0.09725913
96 950 0.13471312
96 983 0.13669130
97 11 0.44946276
97 72 0.10914129
97 93 0.18795694
97 112 0.14751141
97 124 0.22481979
97 141 0.14574132
97 209 0.08588086
98 75 0.09939878
98 157 0.10289932
98 620 0.09297858
98 622 0.09279389
98 637 0.08598213
98 642 0.05396920
98 662 0.08865170
98 696 0.10881310
99 18 0.25846338
99 19 0.11821247
99 68 0.33289552
99 125 0.09520655
99 299 0.08535945
99 769 0.10577952
99 1044 0.13846089
100 20 0.18260080
100 26 0.13990418
100 37 0.22946425
100 38 0.17148294
100 107 0.10714845
100 138 0.17758094
100 152 0.17035017
100 164 0.15747464
100 172 0.17692884
100 905 0.16004972
101 7 0.09246076
101 16 0.14903084
101 24 0.69160401
101 125 0.09487184
101 1044 0.09598818
102 51 0.14732878
102 53 0.13979791
102 90 0.13968117
102 149 0.14803412
102 167 0.07935860
102 249 0.05865682
102 820 0.11293485
103 52 0.13719818
103 135 0.14670924
103 173 0.16446600
103 823 0.10867285
103 950 0.10207401
104 11 0.14317620
104 88 0.15632260
104 108 0.17696738
104 159 0.16516428
104 888 0.15160396
104 989 0.07609265
105 9 0.27231070
105 109 0.11310114
105 140 0.10779864
105 151 0.18033043
105 760 0.10782830
105 914 0.07748365
106 25 0.18251260
106 27 0.14418546
106 28 0.19359616
106 50 0.15477790
106 63 0.16781711
106 65 0.13274305
106 122 0.24001336
106 153 0.16647005
107 26 0.11011926
107 100 0.10714845
107 152 0.14304667
107 625 0.14840622
107 1031 0.15992919
108 11 0.20172342
108 83 0.18934708
108 88 0.38937889
108 104 0.17696738
108 112 0.18678648
108 159 0.38665363
108 202 0.11663912
109 1 0.10567576
109 7 0.21574468
109 64 0.07730106
109 75 0.16786361
109 79 0.16409709
109 85 0.77528440
109 105 0.11310114
109 130 0.06728406
109 133 0.13558129
109 140 0.19798085
109 164 0.11821911
109 719 0.11340629
109 1031 0.17737912
110 13 0.20788197
110 36 0.33761197
110 40 0.26267735
110 44 0.45775841
110 82 0.10260358
110 131 0.29076627
110 721 0.17201521
111 51 0.20961237
111 53 0.16375406
111 114 0.16714178
111 126 0.28378511
111 179 0.05836231
111 771 0.08396900
111 823 0.10608415
112 11 0.14308623
112 88 0.14318767
112 97 0.14751141
112 108 0.18678648
112 124 0.15118061
112 809 0.08124908
113 20 0.35220355
113 33 0.20807627
113 39 0.26182819
113 66 0.29229687
113 128 0.17253806
113 134 0.16650106
113 730 0.11932617
113 948 0.24332547
113 1042 0.25357072
113 1046 0.21712543
114 7 0.17999709
114 75 0.13485323
114 89 0.42973520
114 111 0.16714178
114 137 0.14405676
114 170 0.08124473
115 17 0.12722941
115 23 0.21935545
115 37 0.23333693
115 42 0.25731451
115 55 0.24181066
115 57 0.28557457
115 70 0.11105249
115 129 0.11592080
115 143 0.25020610
115 150 0.14150083
115 828 0.09133764
116 48 0.63234474
116 58 0.19917895
116 71 0.73130123
116 80 0.18285894
116 84 0.17143058
116 146 0.17252140
116 175 0.29643968
116 895 0.18431156
116 949 0.17175239
116 956 0.18784213
116 977 0.28795630
116 999 0.23077972
116 1000 0.10898607
116 1014 0.19171477
116 1030 0.31677449
117 8 0.18877404
117 30 0.18890506
117 46 0.24085273
117 60 0.27244041
117 139 0.23652210
118 2 0.06839054
118 48 0.06301823
118 257 0.06348674
118 759 0.20095863
118 808 0.06288340
118 842 0.05751249
118 876 0.08825809
119 45 0.31775137
119 47 0.16066711
119 165 0.15746997
119 743 0.13792272
119 832 0.13329583
119 951 0.08368199
120 7 0.15949873
120 19 0.13012202
120 85 0.14230322
120 710 0.07575714
120 922 0.15689724
120 924 0.16836483
121 130 0.68371417
121 858 0.04703597
121 859 0.05291796
121 957 0.04953936
121 968 0.05441793
122 25 0.17789324
122 27 0.15211478
122 38 0.20493234
122 50 0.23683597
122 63 0.20758285
122 65 0.14757785
122 106 0.24001336
122 123 0.14710253
122 889 0.21105454
122 1021 0.21786273
122 1049 0.22566000
123 7 0.11810097
123 38 0.09080889
123 63 0.14783074
123 74 0.19756708
123 122 0.14710253
124 68 0.14706268
124 72 0.12718184
124 93 0.28986032
124 97 0.22481979
124 112 0.15118061
124 142 0.19006919
124 144 0.16388402
124 155 0.62132902
124 209 0.09463037
124 222 0.10358800
124 395 0.06301579
124 888 0.11336452
124 1030 0.19415910
125 16 0.13112382
125 18 0.12092713
125 99 0.09520655
125 101 0.09487184
125 825 0.13194991
125 1044 0.11890315
126 51 0.32256060
126 53 0.15129937
126 69 0.22085769
126 111 0.28378511
126 698 0.05980382
126 879 0.11942038
127 19 0.08885527
127 39 0.14507822
127 76 0.13111473
127 140 0.09522638
127 157 0.35896401
128 7 0.13182419
128 20 0.15710501
128 33 0.16544859
128 113 0.17253806
128 745 0.06722695
128 948 0.13303657
128 979 0.12496829
129 9 0.15369088
129 17 0.12121574
129 70 0.10533534
129 115 0.11592080
129 145 0.08885143
129 150 0.13229060
129 151 0.11955165
129 946 0.07850022
130 109 0.06728406
130 121 0.68371417
130 166 0.09175315
130 843 0.06854960
130 848 0.06262515
131 13 0.42441305
131 36 0.37198062
131 40 0.25336378
131 44 0.43071443
131 82 0.35034759
131 110 0.29076627
131 721 0.16493169
132 2 0.51490802
132 86 0.15446739
132 876 0.59478868
132 880 0.15087171
132 956 0.18177571
132 1014 0.18589102
133 14 0.06148001
133 45 0.16462037
133 85 0.12393603
133 109 0.13558129
133 879 0.15680199
133 1029 0.12647709
134 7 0.15047133
134 20 0.11643128
134 39 0.15590649
134 66 0.22676837
134 113 0.16650106
134 967 0.10394387
135 96 0.07919025
135 103 0.14670924
135 158 0.21814029
135 173 0.41814827
135 754 0.07788151
136 3 0.20437306
136 15 0.19556013
136 51 0.16941635
136 54 0.26699375
136 76 0.33657868
136 149 0.15625040
136 785 0.09535278
137 4 0.75785593
137 7 0.23888523
137 19 0.20285911
137 75 0.16868275
137 81 0.20157178
137 92 0.23650373
137 114 0.14405676
137 140 0.19406830
137 223 0.01989266
137 765 0.15928497
137 803 0.07511721
137 1015 0.16447586
138 37 0.19977999
138 55 0.38287630
138 57 0.19148662
138 72 0.11497034
138 100 0.17758094
138 168 0.17435128
139 8 0.30347047
139 30 0.16029548
139 46 0.16412511
139 60 0.19598316
139 117 0.23652210
140 7 0.31488856
140 12 0.10939619
140 21 0.11773646
140 32 0.09932395
140 73 0.12155593
140 75 0.18764456
140 85 0.20723479
140 90 0.10420611
140 92 0.18405749
140 105 0.10779864
140 109 0.19798085
140 127 0.09522638
140 137 0.19406830
140 361 0.12967148
140 717 0.16551708
140 727 0.12570968
140 745 0.06538785
140 769 0.15501717
140 773 0.11295105
140 775 0.11149622
140 787 0.11200525
140 832 0.10579126
140 843 0.12963004
140 844 0.11241986
140 877 0.07588870
140 879 0.16144467
140 899 0.11427082
140 904 0.10964916
140 907 0.10787886
140 910 0.07788479
140 913 0.08665237
140 914 0.09171357
140 944 0.10806830
140 950 0.12860994
140 976 0.13941655
140 978 0.14806076
140 983 0.13671837
140 986 0.14423876
140 987 0.06271427
140 990 0.12252094
140 992 0.12064442
140 1024 0.12122396
141 11 0.14103076
141 97 0.14574132
141 887 0.11860269
141 928 0.13319614
141 998 0.14228040
142 31 0.21858602
142 79 0.15706734
142 93 0.16241844
142 124 0.19006919
142 364 0.06065783
142 453 0.10880546
142 489 0.07167452
142 954 0.09266862
142 1030 0.14544261
143 23 0.22477742
143 42 0.37577071
143 57 0.31978447
143 78 0.20772209
143 91 0.16673955
143 115 0.25020610
143 155 0.22223931
143 156 0.13428090
143 249 0.05181665
144 31 0.19031807
144 34 0.19722428
144 43 0.29604407
144 124 0.16388402
144 927 0.07756621
144 972 0.08770996
144 981 0.08198116
144 987 0.06872002
144 1009 0.06711142
144 1044 0.18872328
145 9 0.09122154
145 129 0.08885143
145 708 0.07239685
145 922 0.09905181
145 924 0.08611457
145 946 0.05269831
146 4 0.19383147
146 71 0.16449015
146 116 0.17252140
146 881 0.12059364
146 967 0.12713299
146 977 0.20343225
146 1030 0.17782930
147 94 0.11284061
147 966 0.19132748
147 970 0.10299799
147 1016 0.10802058
147 1021 0.14865399
148 801 0.09779899
148 834 0.07744836
148 908 0.05730747
148 962 0.07687814
148 997 0.08480560
148 1034 0.60557892
149 5 0.10183983
149 10 0.15874770
149 51 0.78728482
149 53 0.75001824
149 102 0.14803412
149 136 0.15625040
149 168 0.16947933
149 785 0.10825138
149 798 0.10154870
150 17 0.13325441
150 70 0.12242540
150 86 0.12345737
150 115 0.14150083
150 129 0.13229060
150 470 0.03907573
151 7 0.14906304
151 9 0.14597316
151 34 0.14431739
151 65 0.12358789
151 92 0.15900041
151 105 0.18033043
151 129 0.11955165
151 759 0.07894004
151 773 0.11303235
151 802 0.08662117
151 890 0.04678414
151 946 0.06033058
152 26 0.55630648
152 79 0.12452619
152 91 0.38282203
152 100 0.17035017
152 107 0.14304667
152 164 0.17106551
152 1031 0.16974790
153 20 0.18356717
153 25 0.17043031
153 27 0.12152001
153 28 0.46081458
153 37 0.53816745
153 38 0.24380982
153 65 0.12730125
153 106 0.16647005
153 172 0.17894109
154 23 0.15169647
154 57 0.18253125
154 78 0.21213376
154 948 0.19629202
154 1046 0.20032934
154 1047 0.09925203
155 57 0.22900907
155 61 0.09955129
155 93 0.21533464
155 124 0.62132902
155 143 0.22223931
155 156 0.16220950
155 168 0.20604713
155 497 0.07053472
155 964 0.10181592
156 10 0.14966294
156 57 0.16803331
156 143 0.13428090
156 155 0.16220950
156 168 0.15719547
157 47 0.18756181
157 67 0.25597950
157 87 0.16080106
157 98 0.10289932
157 127 0.35896401
157 258 0.05209483
157 331 0.12951954
158 7 0.08215429
158 135 0.21814029
158 173 0.18416969
158 453 0.07200056
158 489 0.06170141
158 834 0.07041963
159 11 0.23855883
159 36 0.26756537
159 44 0.21595903
159 82 0.09848400
159 83 0.19085466
159 88 0.42509261
159 104 0.16516428
159 108 0.38665363
159 202 0.11567513
160 31 0.11864756
160 43 0.12768436
160 166 0.13153558
160 372 0.03592083
160 722 0.10037101
160 966 0.11842552
161 733 0.07317694
161 735 0.08191569
161 746 0.09127637
161 831 0.06951856
161 937 0.17149382
162 7 0.13515859
162 19 0.16510268
162 68 0.12184296
162 92 0.13407394
162 167 0.16243710
163 7 0.09232084
163 75 0.07760351
163 717 0.08077996
163 728 0.08234817
163 743 0.06779114
164 26 0.13937511
164 100 0.15747464
164 109 0.11821911
164 152 0.17106551
164 1003 0.09276162
164 1031 0.15439545
165 45 0.16378162
165 47 0.14618515
165 119 0.15746997
165 832 0.15795493
165 951 0.09472244
166 43 0.13899679
166 130 0.09175315
166 160 0.13153558
166 258 0.06716598
166 351 0.05900935
166 371 0.06584483
166 783 0.08807438
166 817 0.12644282
166 851 0.12685496
166 882 0.20123067
166 1043 0.13278624
167 68 0.21830387
167 102 0.07935860
167 162 0.16243710
167 901 0.16765148
167 980 0.08849798
168 10 0.55492415
168 28 0.27807358
168 53 0.28501126
168 55 0.22120656
168 56 0.34944819
168 57 0.22243320
168 61 0.09618674
168 72 0.10953347
168 91 0.18899834
168 138 0.17435128
168 149 0.16947933
168 155 0.20604713
168 156 0.15719547
168 497 0.06537123
169 18 0.14515019
169 41 0.13727035
169 84 0.13587512
169 86 0.15228334
169 174 0.22217738
169 428 0.05502000
169 917 0.18247218
169 943 0.14665135
169 956 0.17825922
169 1048 0.15908860
170 7 0.07864237
170 75 0.08347154
170 89 0.08297834
170 114 0.08124473
170 762 0.07657335
170 946 0.05357237
171 7 0.09596661
171 765 0.08090599
171 843 0.07846807
171 891 0.07832106
171 1014 0.07784838
172 37 0.24987769
172 77 0.65213079
172 80 0.25737629
172 81 0.21292947
172 100 0.17692884
172 153 0.17894109
172 1030 0.33520011
172 1048 0.11697596
173 7 0.08642740
173 103 0.16446600
173 135 0.41814827
173 158 0.18416969
173 708 0.08989903
174 18 0.15245685
174 41 0.15231227
174 86 0.16857054
174 169 0.22217738
174 893 0.14986443
174 956 0.21546465
174 966 0.18482793
174 1021 0.20981623
174 1048 0.15400985
174 1049 0.20416676
175 48 0.53702216
175 71 0.23780013
175 84 0.13902504
175 116 0.29643968
175 311 0.06324197
175 536 0.14295979
175 881 0.12604010
175 999 0.15587459
175 1000 0.11931709
175 1030 0.16914951
176 21 0.09856809
176 186 0.12868940
176 193 0.84651748
176 250 0.07438345
176 288 0.07226752
176 309 0.06999892
176 336 0.11330624
176 848 0.08506437
177 178 0.11589574
177 217 0.07063010
177 256 0.07125287
177 287 0.11565956
177 295 0.16899015
177 302 0.05901936
177 320 0.11251822
177 323 0.14177196
177 334 0.07517079
177 338 0.12068478
177 370 0.06009733
177 379 0.07076027
177 897 0.06486777
178 177 0.11589574
178 243 0.08808217
178 287 0.16620674
178 290 0.08811790
178 323 0.69694804
178 352 0.08158897
178 1032 0.03379334
179 8 0.05157529
179 51 0.04616387
179 111 0.05836231
179 329 0.06094476
179 956 0.05081353
180 185 0.06367950
180 191 0.08512340
180 197 0.05884815
180 200 0.07690013
180 206 0.08601989
180 213 0.09977012
180 233 0.07912113
180 234 0.09740786
180 261 0.10051279
180 262 0.10653988
180 270 0.07816195
180 290 0.11718839
180 340 0.09158160
181 230 0.05146421
181 231 0.05321263
181 278 0.47317372
181 346 0.06830782
181 903 0.10445988
182 224 0.10001772
182 242 0.11798337
182 285 0.60169039
182 328 0.10383038
182 338 0.11692118
182 391 0.06175907
183 204 0.08919679
183 211 0.13327648
183 271 0.20738842
183 284 0.10025369
183 293 0.10708736
183 326 0.32101396
184 200 0.18728038
184 233 0.05115532
184 250 0.07361615
184 258 0.05716868
184 270 0.28227115
184 286 0.07322842
184 937 0.09047619
185 180 0.06367950
185 255 0.06267475
185 276 0.06990768
185 290 0.07521813
185 327 0.07154242
186 95 0.06711156
186 176 0.12868940
186 193 0.13319773
186 250 0.36668376
186 257 0.08876867
186 273 0.08075325
186 279 0.10126361
186 307 0.07649433
186 314 0.06693259
186 331 0.09890564
186 337 0.09722300
186 340 0.08987267
187 320 0.11534052
187 325 0.05643352
187 363 0.06925771
187 391 0.05161161
187 811 0.09559347
188 201 0.08271036
188 202 0.15780045
188 290 0.15472107
188 303 0.09158569
188 310 0.08046143
188 343 0.08274897
188 474 0.06206607
189 219 0.06759489
189 279 0.30396705
189 337 0.07219451
189 484 0.06333046
189 951 0.06786485
190 208 0.06631169
190 210 0.10122715
190 216 0.08613547
190 244 0.06196535
190 260 0.09311101
190 265 0.68795663
190 274 0.05577009
190 312 0.08584701
190 319 0.08318407
191 180 0.08512340
191 194 0.11981601
191 318 0.09349262
191 320 0.08310020
191 334 0.10233980
192 207 0.07780067
192 246 0.11269824
192 306 0.14223279
192 324 0.07541844
192 347 0.06978818
193 21 0.10463341
193 176 0.84651748
193 186 0.13319773
193 250 0.07465182
193 336 0.10606828
193 848 0.08929261
194 191 0.11981601
194 208 0.06602866
194 265 0.08158112
194 283 0.13034686
194 288 0.07742695
194 385 0.08042440
194 665 0.08874207
195 201 0.11260944
195 298 0.07601948
195 300 0.08344736
195 303 0.07587668
195 339 0.13455907
196 216 0.08692412
196 220 0.09180098
196 254 0.06968910
196 313 0.09494834
196 348 0.07649646
197 180 0.05884815
197 242 0.06889269
197 295 0.06966376
197 868 0.05838585
197 989 0.05935928
198 210 0.10618605
198 216 0.11242848
198 338 0.15308375
198 341 0.12715792
198 350 0.14836682
199 207 0.06165390
199 490 0.04290823
199 717 0.05534511
199 742 0.05690422
199 1011 0.08951202
200 180 0.07690013
200 184 0.18728038
200 270 0.45514523
200 281 0.06192374
200 320 0.06849358
200 541 0.06591156
201 188 0.08271036
201 195 0.11260944
201 207 0.10508063
201 283 0.17514551
201 290 0.15553095
201 298 0.08183118
201 303 0.09355451
201 321 0.09545146
201 339 0.10048396
202 88 0.13416648
202 108 0.11663912
202 159 0.11567513
202 188 0.15780045
202 312 0.13462584
202 314 0.10357851
203 353 0.05309987
203 366 0.08285820
203 407 0.05857197
203 508 0.07187573
203 817 0.06269094
204 183 0.08919679
204 211 0.12697957
204 225 0.07159449
204 237 0.21517282
204 284 0.10247223
204 297 0.06433240
204 326 0.09320395
205 220 0.10649732
205 232 0.08226432
205 248 0.12681194
205 280 0.08529450
205 349 0.24603452
206 180 0.08601989
206 220 0.10067319
206 229 0.08581319
206 232 0.09742161
206 271 0.08723573
206 404 0.06519617
206 908 0.05881417
207 192 0.07780067
207 199 0.06165390
207 201 0.10508063
207 208 0.08450000
207 259 0.06784357
207 290 0.08383149
207 330 0.07478581
208 190 0.06631169
208 194 0.06602866
208 207 0.08450000
208 256 0.06777875
208 506 0.06735864
209 93 0.09372503
209 97 0.08588086
209 124 0.09463037
209 222 0.09062545
209 1030 0.07767412
210 190 0.10122715
210 198 0.10618605
210 220 0.09277090
210 226 0.06641138
210 265 0.18752363
211 183 0.13327648
211 204 0.12697957
211 237 0.12199560
211 263 0.21134382
211 271 0.23381603
211 293 0.31904771
211 326 0.18744625
212 255 0.13556232
212 262 0.67484077
212 265 0.15392635
212 269 0.12859277
212 290 0.12318687
212 307 0.07802269
212 340 0.08933765
212 1025 0.06900205
213 180 0.09977012
213 216 0.14113978
213 243 0.15400761
213 262 0.10870554
213 267 0.08077774
213 282 0.08500416
213 286 0.12105104
213 290 0.11848873
213 326 0.16229595
214 226 0.06628361
214 277 0.07248732
214 291 0.12716823
214 330 0.08520587
214 420 0.06861206
214 840 0.06322143
215 248 0.09380649
215 276 0.11793034
215 297 0.06573191
215 305 0.09471559
215 313 0.09822642
215 327 0.06124491
215 350 0.10194089
216 190 0.08613547
216 196 0.08692412
216 198 0.11242848
216 213 0.14113978
216 219 0.11003642
216 235 0.07115828
216 243 0.16287330
216 254 0.36211401
216 256 0.08045104
216 263 0.13252270
216 266 0.12768961
216 279 0.10912875
216 286 0.16225161
216 302 0.06213109
216 304 0.10667874
216 310 0.14347706
216 313 0.25365361
216 338 0.15892066
217 177 0.07063010
217 255 0.06473918
217 276 0.07984724
217 316 0.08628954
217 349 0.06541447
218 35 0.07285056
218 235 0.06605934
218 239 0.08224689
218 255 0.12172157
218 257 0.14192796
218 260 0.10635615
218 337 0.07715052
219 189 0.06759489
219 216 0.11003642
219 254 0.08990804
219 266 0.67021206
219 286 0.46133734
219 316 0.11151937
220 196 0.09180098
220 205 0.10649732
220 206 0.10067319
220 210 0.09277090
220 226 0.15414647
220 232 0.14985793
220 247 0.13454239
220 265 0.14865434
220 295 0.29240288
220 319 0.08403300
220 323 0.14782896
220 331 0.18396191
220 342 0.11067144
220 345 0.10106321
220 349 0.10132848
220 350 0.20959624
221 229 0.06470159
221 261 0.07946845
221 272 0.08373378
221 292 0.06405817
221 296 0.11338115
221 322 0.09748049
221 332 0.05915232
222 124 0.10358800
222 209 0.09062545
222 259 0.61429111
222 269 0.10981774
222 343 0.18616357
223 137 0.01989266
223 230 0.01991794
223 267 0.10968332
223 271 0.01842444
223 333 0.02127578
224 182 0.10001772
224 260 0.13699729
224 274 0.05316048
224 297 0.11589505
224 300 0.10264743
224 315 0.09263608
224 329 0.10653089
224 394 0.10054000
224 561 0.09398520
225 204 0.07159449
225 342 0.06371685
225 488 0.04827054
225 561 0.04719141
225 774 0.05531235
226 210 0.06641138
226 214 0.06628361
226 220 0.15414647
226 231 0.08105975
226 232 0.16559575
226 241 0.11028466
226 261 0.14427613
226 264 0.10519003
226 265 0.14308529
226 290 0.15424661
226 294 0.09339841
226 295 0.15109379
226 350 0.22247080
227 260 0.09788488
227 285 0.08930591
227 300 0.08174346
227 324 0.08682039
227 328 0.10075700
228 66 0.12359104
228 263 0.05956662
228 286 0.05550936
228 371 0.13008066
228 484 0.06316967
228 908 0.04739442
229 35 0.07652558
229 206 0.08581319
229 221 0.06470159
229 236 0.05236968
229 239 0.34300265
229 264 0.08240800
230 46 0.10566528
230 181 0.05146421
230 223 0.01991794
230 231 0.09698024
230 283 0.16140035
230 305 0.09531667
230 344 0.05670328
230 346 0.10379606
230 397 0.06095427
231 181 0.05321263
231 226 0.08105975
231 230 0.09698024
231 288 0.06867102
231 328 0.08253947
231 330 0.09817515
231 348 0.05289388
231 618 0.08105234
231 1003 0.07775928
232 205 0.08226432
232 206 0.09742161
232 220 0.14985793
232 226 0.16559575
232 241 0.08405760
232 243 0.12136072
232 247 0.12973746
232 261 0.12337094
232 342 0.07656808
233 180 0.07912113
233 184 0.05115532
233 266 0.05271289
233 267 0.08833045
233 537 0.06838374
234 180 0.09740786
234 291 0.20754169
234 292 0.07877471
234 296 0.10919129
234 318 0.12989758
234 320 0.09767972
234 333 0.07443411
234 982 0.07491185
235 216 0.07115828
235 218 0.06605934
235 243 0.06700438
235 255 0.08979162
235 340 0.07831374
235 383 0.06452245
236 229 0.05236968
236 239 0.08293444
236 253 0.06794278
236 311 0.07827037
236 594 0.06422362
237 204 0.21517282
237 211 0.12199560
237 284 0.09783309
237 293 0.09323692
237 326 0.09633046
238 263 0.09150878
238 268 0.12132505
238 282 0.10046533
238 321 0.11538179
238 325 0.08614118
239 35 0.10928958
239 218 0.08224689
239 229 0.34300265
239 236 0.08293444
239 264 0.07758868
240 69 0.09675948
240 384 0.10062565
240 389 0.09595457
240 402 0.09491766
240 922 0.08172184
241 226 0.11028466
241 232 0.08405760
241 290 0.11866619
241 291 0.08265055
241 296 0.11187547
241 301 0.06174418
242 182 0.11798337
242 197 0.06889269
242 284 0.21327567
242 285 0.11657237
242 308 0.11907500
242 341 0.12858206
242 343 0.10299699
242 345 0.12389681
242 348 0.05636853
243 178 0.08808217
243 213 0.15400761
243 216 0.16287330
243 232 0.12136072
243 235 0.06700438
243 284 0.27316644
243 308 0.15307830
243 331 0.11672126
243 341 0.14274489
243 345 0.13418184
243 349 0.09959680
243 352 0.08145652
244 190 0.06196535
244 255 0.06052431
244 284 0.09548401
244 286 0.06107735
244 313 0.06756218
245 75 0.04451064
245 296 0.05187705
245 327 0.28439228
245 361 0.04237405
245 393 0.04310761
246 11 0.09200852
246 192 0.11269824
246 260 0.09571356
246 306 0.15819540
246 963 0.11329349
247 220 0.13454239
247 232 0.12973746
247 306 0.17576010
247 317 0.12118350
247 338 0.19251468
248 205 0.12681194
248 215 0.09380649
248 280 0.12216332
248 281 0.12862689
248 293 0.09575672
248 349 0.10378621
249 102 0.05865682
249 143 0.05181665
249 276 0.05390312
249 334 0.34145935
249 848 0.05248373
250 176 0.07438345
250 184 0.07361615
250 186 0.36668376
250 193 0.07465182
250 309 0.27601673
250 900 0.06321442
251 255 0.11962519
251 269 0.22223289
251 272 0.11004500
251 289 0.05405827
251 305 0.10951592
251 324 0.09705867
251 534 0.10569636
251 554 0.05067920
252 268 0.05769552
252 279 0.07411608
252 286 0.07593592
252 306 0.10930800
252 370 0.07642067
252 949 0.08944482
253 236 0.06794278
253 263 0.04240059
253 311 0.12761247
253 331 0.05635996
253 932 0.04301716
254 196 0.06968910
254 216 0.36211401
254 219 0.08990804
254 266 0.11477789
254 283 0.09091293
254 286 0.14695318
254 290 0.10305508
254 310 0.08081393
254 313 0.16755358
254 346 0.08327331
255 185 0.06267475
255 212 0.13556232
255 217 0.06473918
255 218 0.12172157
255 235 0.08979162
255 244 0.06052431
255 251 0.11962519
255 262 0.15546994
255 264 0.11068180
255 269 0.12258921
255 275 0.03951118
255 276 0.09462041
255 290 0.13498686
256 177 0.07125287
256 208 0.06777875
256 216 0.08045104
256 317 0.12513035
256 335 0.08551393
256 338 0.14337943
257 118 0.06348674
257 186 0.08876867
257 218 0.14192796
257 260 0.10594260
257 336 0.07099268
257 337 0.51118386
258 157 0.05209483
258 166 0.06716598
258 184 0.05716868
258 577 0.16027406
258 691 0.05496713
259 207 0.06784357
259 222 0.61429111
259 264 0.07796471
259 343 0.19090515
259 449 0.04970703
260 190 0.09311101
260 218 0.10635615
260 224 0.13699729
260 227 0.09788488
260 246 0.09571356
260 257 0.10594260
260 274 0.05627217
260 279 0.10881998
260 285 0.10527446
260 290 0.15429606
260 312 0.08674721
260 315 0.07572452
260 324 0.14948867
260 328 0.21460073
260 329 0.09246395
260 337 0.10036725
260 343 0.12492575
260 347 0.16373350
260 349 0.08495064
261 180 0.10051279
261 221 0.07946845
261 226 0.14427613
261 232 0.12337094
261 276 0.10269126
261 290 0.08668203
261 298 0.06942502
262 180 0.10653988
262 212 0.67484077
262 213 0.10870554
262 255 0.15546994
262 269 0.13502862
262 273 0.05477204
262 290 0.14198296
262 294 0.08025402
262 301 0.06233093
262 307 0.07564678
262 340 0.09974337
262 1025 0.07074855
263 211 0.21134382
263 216 0.13252270
263 228 0.05956662
263 238 0.09150878
263 253 0.04240059
263 271 0.23323612
263 277 0.07075330
263 293 0.23974663
263 325 0.09570033
264 226 0.10519003
264 229 0.08240800
264 239 0.07758868
264 255 0.11068180
264 259 0.07796471
264 269 0.13332173
264 283 0.07780854
264 284 0.09511194
264 290 0.11473446
264 307 0.08191047
264 321 0.07612728
265 190 0.68795663
265 194 0.08158112
265 210 0.18752363
265 212 0.15392635
265 220 0.14865434
265 226 0.14308529
266 216 0.12768961
266 219 0.67021206
266 233 0.05271289
266 254 0.11477789
266 286 0.52462155
266 304 0.11025278
266 316 0.12422079
267 213 0.08077774
267 223 0.10968332
267 233 0.08833045
267 288 0.07058770
267 891 0.07763978
267 1030 0.08236616
268 238 0.12132505
268 252 0.05769552
268 282 0.07734908
268 294 0.06842957
268 932 0.10397867
269 212 0.12859277
269 222 0.10981774
269 251 0.22223289
269 255 0.12258921
269 262 0.13502862
269 264 0.13332173
269 295 0.14400406
269 301 0.07517673
269 311 0.07336340
270 180 0.07816195
270 184 0.28227115
270 200 0.45514523
270 937 0.08535972
270 1013 0.08079961
271 183 0.20738842
271 206 0.08723573
271 211 0.23381603
271 223 0.01842444
271 263 0.23323612
271 293 0.28863213
271 319 0.10778834
271 326 0.18788899
271 336 0.07254959
272 221 0.08373378
272 251 0.11004500
272 296 0.07009811
272 305 0.09796125
272 322 0.07815338
273 186 0.08075325
273 262 0.05477204
273 281 0.05679470
273 307 0.06818965
273 331 0.09454575
274 190 0.05577009
274 224 0.05316048
274 260 0.05627217
274 313 0.05155367
274 678 0.04868710
275 255 0.03951118
275 304 0.04672220
275 316 0.05621086
275 348 0.04083614
275 988 0.03939338
276 185 0.06990768
276 215 0.11793034
276 217 0.07984724
276 249 0.05390312
276 255 0.09462041
276 261 0.10269126
276 305 0.09730494
276 312 0.08695870
276 333 0.28620853
276 335 0.07929889
277 214 0.07248732
277 263 0.07075330
277 291 0.07308607
277 318 0.15711667
277 330 0.06735043
278 181 0.47317372
278 301 0.05825704
278 391 0.06046011
278 405 0.05464118
278 776 0.06303650
279 186 0.10126361
279 189 0.30396705
279 216 0.10912875
279 252 0.07411608
279 260 0.10881998
279 300 0.09883440
279 313 0.12806660
279 318 0.09458193
279 391 0.06116547
279 465 0.04504619
280 205 0.08529450
280 248 0.12216332
280 290 0.16855665
280 299 0.14321371
280 300 0.10950860
280 346 0.13533800
280 347 0.21600845
281 200 0.06192374
281 248 0.12862689
281 273 0.05679470
281 417 0.05869372
281 518 0.06177135
281 909 0.06355226
282 213 0.08500416
282 238 0.10046533
282 268 0.07734908
282 286 0.07759320
282 294 0.11895873
282 314 0.07376907
283 194 0.13034686
283 201 0.17514551
283 230 0.16140035
283 254 0.09091293
283 264 0.07780854
283 495 0.04980580
284 183 0.10025369
284 204 0.10247223
284 237 0.09783309
284 242 0.21327567
284 243 0.27316644
284 244 0.09548401
284 264 0.09511194
284 294 0.07987184
284 308 0.13998397
284 326 0.14803324
284 341 0.15742619
284 345 0.18299087
285 182 0.60169039
285 227 0.08930591
285 242 0.11657237
285 260 0.10527446
285 338 0.09870594
285 391 0.06304662
285 450 0.09450532
286 184 0.07322842
286 213 0.12105104
286 216 0.16225161
286 219 0.46133734
