1 9 0.15925074
1 53 0.20438597
1 59 0.21043913
1 105 0.27926692
1 123 0.26885697
1 724 0.07338524
2 41 0.10945930
2 89 0.08373176
2 109 0.07472388
2 632 0.15756775
2 709 0.09839607
3 28 0.05082353
3 39 0.13085939
3 62 0.12313865
3 78 0.15085787
3 109 0.11420124
3 729 0.13202462
4 20 0.18088932
4 22 0.18337318
4 29 0.20961237
4 55 0.64841928
4 77 0.29281315
4 125 0.17523716
4 541 0.08160755
4 622 0.09108835
4 693 0.06105449
5 7 0.10385751
5 19 0.21032615
5 69 0.15380324
5 77 0.11877107
5 99 0.07777522
5 505 0.09060261
5 526 0.13453708
5 579 0.05755021
5 602 0.08061196
5 631 0.04830551
5 702 0.10617085
5 703 0.04735930
6 13 0.16854090
6 36 0.21559006
6 43 0.15020779
6 46 0.16801138
6 86 0.15969536
6 110 0.11497034
6 656 0.09985007
7 5 0.10385751
7 44 0.19715793
7 115 0.10737595
7 526 0.09328551
7 546 0.07528858
7 617 0.09039087
8 20 0.14291740
8 74 0.14497105
8 90 0.13533097
8 97 0.19251361
8 111 0.19381108
8 120 0.14637249
8 121 0.12257372
8 569 0.09492669
8 714 0.08825723
9 1 0.15925074
9 53 0.15892235
9 59 0.16969513
9 105 0.19921260
9 123 0.20619382
9 510 0.06070576
10 34 0.14634669
10 629 0.26043227
10 645 0.14865399
10 726 0.19529499
10 736 0.15071272
11 22 0.05483500
11 26 0.26206872
11 48 0.05460119
11 454 0.07221035
11 640 0.06884960
12 22 0.07256430
12 23 0.06919601
12 107 0.07146269
12 580 0.13634437
12 627 0.07259748
13 6 0.16854090
13 32 0.23034006
13 82 0.17269612
13 124 0.21243631
13 656 0.12622851
13 689 0.24769619
13 692 0.19209089
14 48 0.09829892
14 50 0.40247072
14 67 0.13040895
14 100 0.11787439
14 103 0.13313169
14 727 0.10074335
15 64 0.12538235
15 76 0.11631654
15 91 0.15287857
15 96 0.17814934
15 556 0.09216952
16 57 0.39119558
16 572 0.07681120
16 588 0.06757476
16 610 0.06974391
16 721 0.17149382
17 65 0.07809021
17 85 0.42115324
17 115 0.08965493
17 122 0.08213018
17 329 0.06099555
17 565 0.07716883
18 24 0.11391681
18 49 0.30122533
18 80 0.15085799
18 91 0.12075049
18 112 0.16339147
18 734 0.08484508
19 5 0.21032615
19 45 0.14158893
19 71 0.07583549
19 95 0.08873497
19 465 0.08879163
19 612 0.18719072
20 4 0.18088932
20 8 0.14291740
20 34 0.15563298
20 55 0.20293062
20 74 0.14087495
20 95 0.16052336
20 103 0.15053415
20 111 0.12943231
20 113 0.12431563
20 121 0.11990256
20 612 0.08022196
20 705 0.04411285
21 35 0.16137452
21 73 0.14764055
21 93 0.06064960
21 97 0.10246839
21 106 0.17038652
21 124 0.20269603
22 4 0.18337318
22 11 0.05483500
22 12 0.07256430
22 29 0.39821958
22 55 0.15906801
22 60 0.11003460
22 67 0.20551899
22 77 0.43843686
22 117 0.15623781
22 219 0.07203958
22 374 0.06116417
22 583 0.09720122
22 588 0.11553836
22 611 0.06905724
22 612 0.07191644
22 628 0.09727604
23 12 0.06919601
23 27 0.11566503
23 33 0.08663512
23 82 0.19558951
23 98 0.15883221
23 580 0.11459380
23 604 0.13486060
23 627 0.17048526
23 636 0.21128363
23 646 0.17478701
23 680 0.08881697
23 705 0.03907791
23 723 0.20326421
24 18 0.11391681
24 80 0.34046884
24 91 0.11820211
24 112 0.11139812
24 627 0.09643354
24 713 0.08723636
25 34 0.11004436
25 61 0.25597950
25 78 0.31346816
25 95 0.10496481
25 114 0.23979168
26 11 0.26206872
26 438 0.05667235
26 618 0.05079337
26 691 0.07006856
26 741 0.08112765
26 742 0.07320824
26 746 0.08864387
27 23 0.11566503
27 82 0.16850390
27 207 0.07164030
27 627 0.10822402
27 692 0.15098692
27 729 0.14677800
28 3 0.05082353
28 33 0.04972022
28 62 0.15911126
28 78 0.05457571
28 729 0.04904213
29 4 0.20961237
29 22 0.39821958
29 55 0.16375406
29 77 0.54036707
29 101 0.16873178
29 450 0.09266968
29 579 0.06036615
30 38 0.21814665
30 70 0.23364883
30 96 0.19844401
30 106 0.13673105
30 115 0.18293088
31 51 0.10594066
31 83 0.05771691
31 389 0.03757206
31 398 0.04381176
31 431 0.03377941
32 13 0.23034006
32 34 0.16868527
32 636 0.16323271
32 692 0.20331241
32 716 0.16041952
33 23 0.08663512
33 28 0.04972022
33 45 0.12043087
33 68 0.08887553
33 94 0.09192527
33 116 0.12726250
33 569 0.08340781
34 10 0.14634669
34 20 0.15563298
34 25 0.11004436
34 32 0.16868527
34 36 0.20574757
34 46 0.19458462
34 95 0.20274087
34 103 0.17082015
34 135 0.06684459
34 642 0.22544040
34 643 0.26250402
34 645 0.37350515
34 669 0.21900588
34 671 0.22446240
34 679 0.20536260
34 684 0.20180033
34 712 0.18953712
34 716 0.29890507
34 728 0.23856462
34 736 0.30043390
34 745 0.29572009
34 749 0.16154171
35 21 0.16137452
35 55 0.21660867
35 73 0.14405693
35 103 0.24343990
35 105 0.26242564
35 124 0.16439047
35 587 0.06482763
35 735 0.04999986
36 6 0.21559006
36 34 0.20574757
36 40 0.15840869
36 43 0.22312860
36 45 0.16326890
36 46 0.67483091
36 86 0.18713482
36 95 0.21909828
36 109 0.12093612
36 110 0.20369941
36 685 0.05834762
37 70 0.11675057
37 90 0.06229099
37 113 0.05914741
37 610 0.06273546
37 668 0.10502226
38 30 0.21814665
38 52 0.11623994
38 70 0.19437590
38 96 0.16516428
38 106 0.18697006
38 115 0.13529570
39 3 0.13085939
39 62 0.14222036
39 78 0.15418791
39 109 0.33665398
39 653 0.10402163
39 729 0.13399142
40 36 0.15840869
40 43 0.13428090
40 86 0.13366808
40 104 0.10542769
40 109 0.11339130
41 2 0.10945930
41 43 0.23933933
41 86 0.22554846
41 89 0.24016916
41 104 0.25099273
41 689 0.16794279
41 709 0.09293336
42 66 0.53156067
42 72 0.09458039
42 92 0.24717284
42 673 0.08943900
42 687 0.07580378
43 6 0.15020779
43 36 0.22312860
43 40 0.13428090
43 41 0.23933933
43 86 0.37577071
43 89 0.20772209
43 104 0.22521553
43 109 0.11839871
43 124 0.16612688
44 7 0.19715793
44 69 0.10767158
44 399 0.05498951
44 523 0.10936289
44 524 0.10839530
44 546 0.07332586
44 588 0.11547949
44 593 0.13249262
44 706 0.06795322
45 19 0.14158893
45 33 0.12043087
45 36 0.16326890
45 46 0.20226709
45 71 0.11147513
45 95 0.17374319
45 612 0.14362492
46 6 0.16801138
46 34 0.19458462
46 36 0.67483091
46 45 0.20226709
46 95 0.22671160
46 110 0.21818897
47 52 0.12773104
47 57 0.21431718
47 63 0.31107317
47 85 0.28885042
47 110 0.12578402
47 170 0.19035173
47 183 0.15014521
47 456 0.06667872
48 11 0.05460119
48 14 0.09829892
48 50 0.08163782
48 61 0.12656043
48 67 0.10195125
48 100 0.14801514
48 101 0.09724792
48 119 0.09999304
48 253 0.06647241
48 396 0.08360679
49 18 0.30122533
49 62 0.14555212
49 71 0.08007428
49 73 0.10037952
49 80 0.14981469
49 91 0.15276866
49 325 0.09471503
49 360 0.06802732
49 627 0.17159813
49 656 0.10817638
50 14 0.40247072
50 48 0.08163782
50 61 0.07095763
50 67 0.05622219
50 600 0.06107356
51 31 0.10594066
51 58 0.34776327
51 83 0.04357490
51 565 0.06909509
51 617 0.09223644
51 732 0.05895906
52 38 0.11623994
52 47 0.12773104
52 70 0.11192334
52 76 0.10871864
52 88 0.08088198
52 96 0.16921241
52 106 0.12987953
52 670 0.04151543
52 705 0.04177665
53 1 0.20438597
53 9 0.15892235
53 59 0.21087108
53 105 0.24382523
53 123 0.29728010
53 724 0.07033062
54 67 0.16233115
54 68 0.29353758
54 515 0.07236722
54 526 0.16703900
54 564 0.15542302
54 580 0.10630639
54 607 0.08738738
54 617 0.15083380
54 648 0.08028526
54 662 0.10585374
54 722 0.08481006
55 4 0.64841928
55 20 0.20293062
55 22 0.15906801
55 29 0.16375406
55 35 0.21660867
55 77 0.25538368
55 95 0.19139204
55 101 0.07919448
55 103 0.30108375
55 105 0.29795526
55 622 0.10192858
55 663 0.06351096
55 693 0.06000968
55 733 0.10389060
56 58 0.08883107
56 396 0.06735956
56 510 0.06656086
56 674 0.07112634
56 719 0.07384095
57 16 0.39119558
57 47 0.21431718
57 63 0.15642265
57 85 0.14009344
57 98 0.31710059
57 721 0.12463132
58 51 0.34776327
58 56 0.08883107
58 207 0.06941565
58 608 0.07907789
58 661 0.09096888
58 704 0.10542036
59 1 0.21043913
59 9 0.16969513
59 53 0.21087108
59 76 0.21001125
59 105 0.28797206
59 123 0.37922942
60 22 0.11003460
60 84 0.12681484
60 198 0.07441933
60 564 0.10393140
60 577 0.11015743
60 610 0.09971600
60 613 0.09079087
61 25 0.25597950
61 48 0.12656043
61 50 0.07095763
61 78 0.25842007
61 114 0.18756181
61 160 0.10971905
61 223 0.11915163
62 3 0.12313865
62 28 0.15911126
62 39 0.14222036
62 49 0.14555212
62 629 0.14254987
62 729 0.15402173
63 47 0.31107317
63 57 0.15642265
63 85 0.18537447
63 104 0.36978217
63 170 0.10560906
64 15 0.12538235
64 75 0.08795839
64 96 0.16538243
64 102 0.23687098
64 532 0.07087568
64 610 0.08911562
64 713 0.05689272
65 17 0.07809021
65 85 0.08166867
65 107 0.30623470
65 648 0.06006554
65 711 0.48688368
66 42 0.53156067
66 92 0.23652210
66 673 0.06844190
66 721 0.05399432
66 732 0.04946019
67 14 0.13040895
67 22 0.20551899
67 48 0.10195125
67 50 0.05622219
67 54 0.16233115
67 77 0.15728039
67 526 0.16700649
67 617 0.14526511
67 674 0.07756810
68 33 0.08887553
68 54 0.29353758
68 77 0.16339141
68 88 0.07090021
68 117 0.15260140
68 122 0.12764437
68 526 0.14210476
68 565 0.15770451
68 566 0.10092673
68 569 0.07425040
68 722 0.07687024
68 739 0.10237887
69 5 0.15380324
69 44 0.10767158
69 526 0.11639915
69 569 0.07824011
69 617 0.11944768
69 676 0.12195651
70 30 0.23364883
70 37 0.11675057
70 38 0.19437590
70 52 0.11192334
70 96 0.25225682
70 106 0.19514824
70 115 0.14921665
71 19 0.07583549
71 45 0.11147513
71 49 0.08007428
71 541 0.09697279
71 612 0.07300249
71 660 0.07792963
72 42 0.09458039
72 99 0.08110652
72 166 0.07818159
72 253 0.06523324
72 309 0.09804027
72 396 0.13481134
72 609 0.09812790
73 21 0.14764055
73 35 0.14405693
73 49 0.10037952
73 106 0.16589438
73 124 0.15958595
73 341 0.04694733
74 8 0.14497105
74 20 0.14087495
74 111 0.20238661
74 113 0.12068201
74 121 0.13081037
74 711 0.14033475
74 726 0.18650617
75 64 0.08795839
75 91 0.12651767
75 102 0.12787536
75 107 0.07980993
75 219 0.08137563
75 505 0.09620071
75 509 0.10831216
75 563 0.09399579
75 577 0.11890863
75 592 0.12145389
75 613 0.10458978
75 655 0.12502851
76 15 0.11631654
76 52 0.10871864
76 59 0.21001125
76 77 0.10061257
76 79 0.08305224
76 88 0.09087226
76 526 0.13293629
76 714 0.08875860
77 4 0.29281315
77 5 0.11877107
77 22 0.43843686
77 29 0.54036707
77 55 0.25538368
77 67 0.15728039
77 68 0.16339141
77 76 0.10061257
77 92 0.05878263
77 101 0.12357093
77 113 0.09189704
77 117 0.22030411
77 122 0.15948259
77 505 0.09244871
77 514 0.14375744
77 531 0.10316536
77 557 0.12553234
77 579 0.06104235
77 583 0.09884094
77 604 0.14427967
77 649 0.08136293
77 651 0.14070374
77 661 0.15853857
77 662 0.11917385
77 676 0.16359774
77 691 0.09818010
77 737 0.11331819
77 739 0.09718654
77 744 0.10238590
78 3 0.15085787
78 25 0.31346816
78 28 0.05457571
78 39 0.15418791
78 61 0.25842007
78 109 0.12905874
78 114 0.25370666
78 653 0.11720706
78 729 0.15488039
79 76 0.08305224
79 118 0.09895590
79 457 0.07922484
79 526 0.07636514
79 617 0.07362031
80 18 0.15085799
80 24 0.34046884
80 49 0.14981469
80 84 0.08541491
80 91 0.10958778
80 112 0.10887242
80 682 0.03872540
81 558 0.10240922
81 568 0.10797076
81 570 0.09997675
81 576 0.10671478
81 696 0.09994575
81 702 0.11306237
81 712 0.16354201
82 13 0.17269612
82 23 0.19558951
82 27 0.16850390
82 94 0.17373137
82 636 0.28434193
82 692 0.36385136
82 718 0.16755659
82 723 0.27211119
82 729 0.19496938
83 31 0.05771691
83 51 0.04357490
83 93 0.18921680
83 311 0.03917590
83 630 0.03997603
84 60 0.12681484
84 80 0.08541491
84 97 0.08005034
84 119 0.24636872
84 620 0.06310704
84 640 0.09554602
85 17 0.42115324
85 47 0.28885042
85 57 0.14009344
85 63 0.18537447
85 65 0.08166867
85 110 0.10914129
85 715 0.05365157
86 6 0.15969536
86 36 0.18713482
86 40 0.13366808
86 41 0.22554846
86 43 0.37577071
86 89 0.18511561
86 104 0.24349143
86 124 0.17947931
86 689 0.13217124
87 271 0.05082899
87 368 0.05362086
87 436 0.05280554
87 437 0.04959401
87 488 0.05726423
88 52 0.08088198
88 68 0.07090021
88 76 0.09087226
88 526 0.06875666
88 617 0.06811456
89 2 0.08373176
89 41 0.24016916
89 43 0.20772209
89 86 0.18511561
89 91 0.15429783
89 104 0.20619223
89 715 0.06009515
90 8 0.13533097
90 37 0.06229099
90 93 0.23561485
90 97 0.19495396
90 113 0.15864903
90 120 0.18031039
91 15 0.15287857
91 18 0.12075049
91 24 0.11820211
91 49 0.15276866
91 75 0.12651767
91 80 0.10958778
91 89 0.15429783
91 270 0.09538586
91 527 0.10481083
91 541 0.09347192
91 546 0.06910224
91 570 0.10590182
91 646 0.15244104
91 661 0.14718194
91 696 0.07374232
91 710 0.12926752
91 744 0.11511156
92 42 0.24717284
92 66 0.23652210
92 77 0.05878263
92 409 0.07663925
92 617 0.05995820
93 21 0.06064960
93 83 0.18921680
93 90 0.23561485
93 113 0.17504464
93 630 0.05126401
94 33 0.09192527
94 82 0.17373137
94 98 0.16159455
94 636 0.19175020
94 661 0.15860178
94 710 0.12971165
94 718 0.10976404
94 723 0.16029580
95 19 0.08873497
95 20 0.16052336
95 25 0.10496481
95 34 0.20274087
95 36 0.21909828
95 45 0.17374319
95 46 0.22671160
95 55 0.19139204
95 352 0.05541009
96 15 0.17814934
96 30 0.19844401
96 38 0.16516428
96 52 0.16921241
96 64 0.16538243
96 70 0.25225682
96 106 0.23247552
96 115 0.12666700
96 198 0.07304379
97 8 0.19251361
97 21 0.10246839
97 84 0.08005034
97 90 0.19495396
97 99 0.16848472
97 106 0.19225380
97 111 0.15080837
97 120 0.31097379
97 714 0.08742656
98 23 0.15883221
98 57 0.31710059
98 94 0.16159455
98 636 0.13143041
98 692 0.12741140
99 5 0.07777522
99 72 0.08110652
99 97 0.16848472
99 309 0.07748937
99 357 0.05826023
99 651 0.06624002
100 14 0.11787439
100 48 0.14801514
100 119 0.08187124
100 257 0.08290426
100 727 0.08811693
101 29 0.16873178
101 48 0.09724792
101 55 0.07919448
101 77 0.12357093
101 342 0.07812939
101 723 0.19617446
102 64 0.23687098
102 75 0.12787536
102 544 0.10303745
102 576 0.08327788
102 663 0.06425561
102 675 0.13623690
103 14 0.13313169
103 20 0.15053415
103 34 0.17082015
103 35 0.24343990
103 55 0.30108375
103 105 0.39631171
103 718 0.17791229
104 40 0.10542769
104 41 0.25099273
104 43 0.22521553
104 63 0.36978217
104 86 0.24349143
104 89 0.20619223
105 1 0.27926692
105 9 0.19921260
105 35 0.26242564
105 53 0.24382523
105 55 0.29795526
105 59 0.28797206
105 103 0.39631171
105 114 0.10416686
105 123 0.38026901
106 21 0.17038652
106 30 0.13673105
106 38 0.18697006
106 52 0.12987953
106 70 0.19514824
106 73 0.16589438
106 96 0.23247552
106 97 0.19225380
106 120 0.13985791
106 124 0.20651205
106 750 0.06841398
107 12 0.07146269
107 65 0.30623470
107 75 0.07980993
107 580 0.07314068
107 648 0.11846424
107 711 0.24727402
108 600 0.11227678
108 610 0.09321270
108 632 0.09183054
108 644 0.08730635
108 651 0.10269660
108 719 0.11797054
108 735 0.06181425
109 2 0.07472388
109 3 0.11420124
109 36 0.12093612
109 39 0.33665398
109 40 0.11339130
109 43 0.11839871
109 78 0.12905874
109 729 0.12227233
110 6 0.11497034
110 36 0.20369941
110 46 0.21818897
110 47 0.12578402
110 85 0.10914129
111 8 0.19381108
111 20 0.12943231
111 74 0.20238661
111 97 0.15080837
111 120 0.14696759
111 121 0.12907644
111 397 0.06969262
112 18 0.16339147
112 24 0.11139812
112 80 0.10887242
112 647 0.55841291
112 669 0.12538621
112 708 0.47500903
112 748 0.57377308
113 20 0.12431563
113 37 0.05914741
113 74 0.12068201
113 77 0.09189704
113 90 0.15864903
113 93 0.17504464
113 121 0.08097334
114 25 0.23979168
114 61 0.18756181
114 78 0.25370666
114 105 0.10416686
114 117 0.28928570
115 7 0.10737595
115 17 0.08965493
115 30 0.18293088
115 38 0.13529570
115 70 0.14921665
115 96 0.12666700
115 122 0.11871071
116 33 0.12726250
116 294 0.04747131
116 403 0.11454199
116 416 0.04686414
116 529 0.04500127
117 22 0.15623781
117 68 0.15260140
117 77 0.22030411
117 114 0.28928570
117 122 0.14008193
117 325 0.08533556
117 536 0.12633476
117 598 0.04070118
117 630 0.11242961
117 676 0.14972153
117 677 0.09777222
117 702 0.09654432
117 732 0.10691886
117 733 0.10446834
118 79 0.09895590
118 526 0.08290667
118 665 0.18667143
118 676 0.08703582
118 696 0.16258418
119 48 0.09999304
119 84 0.24636872
119 100 0.08187124
119 352 0.05400689
119 409 0.08602757
119 640 0.09902004
120 8 0.14637249
120 90 0.18031039
120 97 0.31097379
120 106 0.13985791
120 111 0.14696759
121 8 0.12257372
121 20 0.11990256
121 74 0.13081037
121 111 0.12907644
121 113 0.08097334
122 17 0.08213018
122 68 0.12764437
122 77 0.15948259
122 115 0.11871071
122 117 0.14008193
122 249 0.06673841
122 526 0.10264797
122 682 0.08318156
123 1 0.26885697
123 9 0.20619382
123 53 0.29728010
123 59 0.37922942
123 105 0.38026901
124 13 0.21243631
124 21 0.20269603
124 35 0.16439047
124 43 0.16612688
124 73 0.15958595
124 86 0.17947931
124 106 0.20651205
124 587 0.06457031
124 653 0.11592773
124 656 0.12395178
124 689 0.15131261
125 4 0.17523716
125 472 0.04851834
125 558 0.06985958
125 655 0.09225126
125 683 0.07365792
125 726 0.07079270
126 130 0.08855491
126 140 0.08450546
126 177 0.10541947
126 190 0.09168613
126 192 0.08342820
126 193 0.09368202
126 199 0.09387904
126 220 0.09870384
126 230 0.05797712
126 242 0.08080204
127 154 0.12503673
127 163 0.26647310
127 181 0.09300208
127 189 0.08207479
127 236 0.16964481
128 141 0.10962106
128 151 0.13771003
128 173 0.10341291
128 177 0.19987627
128 183 0.09863306
128 211 0.05787073
128 242 0.07240284
128 245 0.02177486
129 131 0.10808571
129 134 0.06988619
129 173 0.11290835
129 177 0.13904108
129 182 0.08601882
129 241 0.12621670
130 126 0.08855491
130 194 0.06531892
130 199 0.06808467
130 290 0.06278357
130 346 0.06144158
131 129 0.10808571
131 177 0.10049566
131 195 0.11932658
131 208 0.07870270
131 241 0.69787088
131 667 0.06407700
131 685 0.05833592
131 716 0.10589382
132 180 0.07611066
132 194 0.10175005
132 209 0.10605101
132 233 0.08313634
132 238 0.07692176
132 347 0.06877059
133 139 0.18451187
133 177 0.11473446
133 204 0.07780854
133 206 0.10118626
133 219 0.07466498
133 232 0.06974837
133 247 0.09489131
133 750 0.10777003
134 129 0.06988619
134 177 0.12940229
134 180 0.13533800
134 185 0.07890736
134 308 0.06637243
134 565 0.06955960
135 34 0.06684459
135 140 0.11480969
135 141 0.10439070
135 218 0.06820577
135 645 0.07610095
136 143 0.06398112
136 163 0.06519020
136 212 0.05620472
136 229 0.09923041
136 734 0.10020927
137 138 0.15445957
137 151 0.06823795
137 164 0.17515642
137 179 0.08314906
137 210 0.13959384
137 214 0.10072734
137 217 0.13024817
137 221 0.22833079
137 222 0.08145805
137 228 0.12639030
137 240 0.16423194
138 137 0.15445957
138 148 0.10860901
138 164 0.21244578
138 214 0.09758430
138 217 0.12773740
138 221 0.22146666
138 222 0.07993220
138 228 0.12766236
139 133 0.18451187
139 156 0.09868456
139 184 0.10660747
139 187 0.07572334
139 196 0.11066974
139 199 0.07686996
140 126 0.08450546
140 135 0.11480969
140 154 0.07872882
140 218 0.11271786
140 236 0.09316039
140 239 0.07497695
140 335 0.05476473
141 128 0.10962106
141 135 0.10439070
141 151 0.11799363
141 155 0.08030314
141 165 0.04745801
141 168 0.06233345
141 211 0.32723319
141 213 0.10919746
141 239 0.08508559
142 147 0.05085918
142 156 0.06156336
142 166 0.06204923
142 180 0.08298258
142 194 0.05526427
142 245 0.02304742
142 303 0.06668665
143 136 0.06398112
143 163 0.10426873
143 165 0.04881955
143 210 0.07274902
143 219 0.06787015
143 254 0.07093498
144 162 0.35489554
144 200 0.32049583
144 202 0.11496060
144 218 0.06669494
144 224 0.45388228
144 346 0.08795816
145 149 0.09187222
145 173 0.05553673
145 176 0.05770802
145 225 0.07989912
145 670 0.05737259
146 173 0.10132848
146 196 0.09058689
146 220 0.09624739
146 228 0.08014272
146 243 0.09795952
147 142 0.05085918
147 177 0.05169757
147 189 0.06077127
147 237 0.17107116
147 243 0.05464975
148 138 0.10860901
148 217 0.16883840
148 221 0.10941346
148 234 0.08949699
148 236 0.08702041
149 145 0.09187222
149 196 0.08258866
149 215 0.09591062
149 237 0.10862351
149 246 0.13958079
150 157 0.30021016
150 158 0.09432933
150 170 0.12355115
150 206 0.12996981
150 227 0.17514521
150 247 0.14273286
151 128 0.13771003
151 137 0.06823795
151 141 0.11799363
151 222 0.06797193
151 298 0.07517923
151 478 0.06743955
151 495 0.07577592
152 166 0.21882098
152 190 0.06130498
152 214 0.14540567
152 234 0.05298191
152 327 0.07192627
152 347 0.04475039
153 167 0.40280241
153 173 0.04827675
153 190 0.05216607
153 198 0.21909814
153 366 0.04566481
153 415 0.04900252
154 127 0.12503673
154 140 0.07872882
154 168 0.07030752
154 189 0.06739932
154 210 0.08022325
154 213 0.09769136
154 218 0.07542961
154 235 0.11776682
154 236 0.12401110
155 141 0.08030314
155 177 0.07372869
155 213 0.10341544
155 245 0.05905624
155 247 0.06077028
155 367 0.06655578
156 139 0.09868456
156 142 0.06156336
156 168 0.05798606
156 182 0.15485603
156 184 0.16842833
156 187 0.12837546
156 192 0.06116171
156 201 0.25577033
156 208 0.08189483
156 216 0.10337209
156 225 0.08415046
156 232 0.08206246
156 233 0.15290879
156 238 0.06654018
156 242 0.11905128
157 150 0.30021016
157 158 0.09370178
157 206 0.16225999
157 226 0.10905441
157 227 0.14262981
157 247 0.13835296
157 309 0.08680993
158 150 0.09432933
158 157 0.09370178
158 176 0.06525181
158 184 0.07381328
158 203 0.06766675
159 217 0.05644136
159 222 0.06260125
159 396 0.04818200
159 548 0.04853324
159 694 0.05417120
160 61 0.10971905
160 163 0.13000505
160 181 0.07317039
160 223 0.76417186
160 236 0.08645068
160 250 0.08881340
161 199 0.08060299
161 278 0.07666720
161 293 0.09197923
161 350 0.09319566
161 412 0.06474913
161 488 0.08824672
161 698 0.08728767
162 144 0.35489554
162 200 0.53691065
162 202 0.15559479
162 224 0.71740801
162 234 0.08863035
163 127 0.26647310
163 136 0.06519020
163 143 0.10426873
163 160 0.13000505
163 181 0.15850034
163 189 0.07457014
163 212 0.10284191
163 223 0.12823986
163 235 0.05924545
163 236 0.15020820
164 137 0.17515642
164 138 0.21244578
164 185 0.08609849
164 201 0.14852260
164 208 0.09469478
164 221 0.12637725
164 225 0.40868945
164 240 0.12237870
165 141 0.04745801
165 143 0.04881955
165 213 0.04335588
165 216 0.04332328
165 527 0.04822954
166 72 0.07818159
166 142 0.06204923
166 152 0.21882098
166 214 0.09389634
166 309 0.05622405
167 153 0.40280241
167 190 0.07915799
167 198 0.62641561
167 206 0.09987262
167 216 0.05442592
167 366 0.04125645
168 141 0.06233345
168 154 0.07030752
168 156 0.05798606
168 177 0.07521813
168 187 0.05952512
169 180 0.07299895
169 439 0.11695060
169 465 0.05082879
169 515 0.04119300
169 606 0.04180819
170 47 0.19035173
170 63 0.10560906
170 150 0.12355115
170 183 0.13910235
170 197 0.10535088
170 215 0.15344194
170 227 0.24610217
170 235 0.05264047
170 247 0.22706399
171 186 0.67527933
171 223 0.07900782
171 269 0.07395279
171 354 0.06395435
171 750 0.06801075
172 177 0.06421017
172 193 0.10737723
172 244 0.05360021
172 309 0.08537624
172 330 0.06334276
172 673 0.06974747
173 128 0.10341291
173 129 0.11290835
173 145 0.05553673
173 146 0.10132848
173 153 0.04827675
173 174 0.13454239
173 182 0.10557695
173 188 0.09549622
173 201 0.11135846
173 213 0.11663928
173 246 0.12058219
174 173 0.13454239
174 182 0.06735898
174 226 0.06790023
174 228 0.06973774
174 248 0.07175399
175 190 0.09871723
175 330 0.11107968
175 353 0.06025169
175 502 0.07282526
175 606 0.06104181
176 145 0.05770802
176 158 0.06525181
176 191 0.04592525
176 197 0.08230372
176 199 0.08799001
176 203 0.07265398
176 212 0.05587265
176 214 0.07578029
176 226 0.07292078
176 233 0.10022333
176 245 0.01976771
177 126 0.10541947
177 128 0.19987627
177 129 0.13904108
177 131 0.10049566
177 133 0.11473446
177 134 0.12940229
177 147 0.05169757
177 155 0.07372869
177 168 0.07521813
177 172 0.06421017
177 180 0.16855665
177 182 0.08570042
177 183 0.15526188
177 185 0.12127322
177 193 0.10357295
177 211 0.06334025
177 240 0.12496841
177 241 0.12318687
178 185 0.07333566
178 194 0.05887488
178 213 0.06137864
178 416 0.05786080
178 565 0.05455662
179 137 0.08314906
179 194 0.09367783
179 207 0.06923956
179 234 0.07895923
179 236 0.08241761
179 243 0.09943949
180 132 0.07611066
180 134 0.13533800
180 142 0.08298258
180 169 0.07299895
180 177 0.16855665
180 209 0.07584810
181 127 0.09300208
181 160 0.07317039
181 163 0.15850034
181 223 0.06798608
181 236 0.12857652
182 129 0.08601882
182 156 0.15485603
182 173 0.10557695
182 174 0.06735898
182 177 0.08570042
182 195 0.07950497
182 241 0.08772160
183 47 0.15014521
183 128 0.09863306
183 170 0.13910235
183 177 0.15526188
183 193 0.14820299
183 237 0.11069207
184 139 0.10660747
184 156 0.16842833
184 158 0.07381328
184 185 0.06974073
184 194 0.09895874
184 201 0.12147705
184 208 0.07723470
184 233 0.09598379
185 134 0.07890736
185 164 0.08609849
185 177 0.12127322
185 178 0.07333566
185 184 0.06974073
186 171 0.67527933
186 212 0.06668924
186 250 0.06318234
186 500 0.05824995
186 750 0.09428518
187 139 0.07572334
187 156 0.12837546
187 168 0.05952512
187 201 0.09912605
187 219 0.15566736
187 233 0.11924665
187 399 0.06681731
188 173 0.09549622
188 190 0.09295983
188 195 0.05926776
188 239 0.06870851
188 247 0.06902826
189 127 0.08207479
189 147 0.06077127
189 154 0.06739932
189 163 0.07457014
189 192 0.06487836
189 232 0.09441225
189 235 0.11873775
190 126 0.09168613
190 152 0.06130498
190 153 0.05216607
190 167 0.07915799
190 175 0.09871723
190 188 0.09295983
190 195 0.08258138
190 198 0.08270059
190 230 0.04472504
190 243 0.08339959
190 561 0.07670419
190 707 0.04609922
191 176 0.04592525
191 203 0.06091473
191 293 0.05151844
191 357 0.06539312
191 427 0.04686311
192 126 0.08342820
192 156 0.06116171
192 189 0.06487836
192 208 0.08294101
192 220 0.07009900
193 126 0.09368202
193 172 0.10737723
193 177 0.10357295
193 183 0.14820299
193 237 0.09418098
193 278 0.05949867
194 130 0.06531892
194 132 0.10175005
194 142 0.05526427
194 178 0.05887488
194 179 0.09367783
194 184 0.09895874
194 238 0.09139112
194 239 0.08806509
195 131 0.11932658
195 182 0.07950497
195 188 0.05926776
195 190 0.08258138
195 239 0.08178260
195 241 0.14754128
196 139 0.11066974
196 146 0.09058689
196 149 0.08258866
196 210 0.10695804
196 228 0.25449536
196 233 0.17663047
196 243 0.19408541
197 170 0.10535088
197 176 0.08230372
197 199 0.09493622
197 215 0.10690947
197 227 0.10550544
197 247 0.10475190
198 60 0.07441933
198 96 0.07304379
198 153 0.21909814
198 167 0.62641561
198 190 0.08270059
199 126 0.09387904
199 130 0.06808467
199 139 0.07686996
199 161 0.08060299
199 176 0.08799001
199 197 0.09493622
199 210 0.10214442
199 220 0.06520626
199 228 0.09043713
199 233 0.10574077
199 248 0.08768576
199 292 0.08459753
200 144 0.32049583
200 162 0.53691065
200 202 0.15982046
200 211 0.06024290
200 224 0.65022109
200 234 0.23503645
201 156 0.25577033
201 164 0.14852260
201 173 0.11135846
201 184 0.12147705
201 187 0.09912605
201 226 0.12124687
201 233 0.12109588
201 240 0.10593817
201 242 0.32163659
202 144 0.11496060
202 162 0.15559479
202 200 0.15982046
202 224 0.19645099
202 243 0.11780741
202 250 0.42054161
203 158 0.06766675
203 176 0.07265398
203 191 0.06091473
203 214 0.06267081
203 231 0.05997819
203 649 0.06747011
204 133 0.07780854
204 244 0.12223705
204 618 0.07327395
204 680 0.05275173
204 750 0.05179365
205 252 0.08285820
205 278 0.05857197
205 309 0.04979338
205 356 0.05932154
205 655 0.05182446
206 133 0.10118626
206 150 0.12996981
206 157 0.16225999
206 167 0.09987262
206 226 0.14446774
206 227 0.26827490
206 231 0.06196398
206 247 0.18688083
207 27 0.07164030
207 58 0.06941565
207 179 0.06923956
207 227 0.06340285
207 247 0.08041834
208 131 0.07870270
208 156 0.08189483
208 164 0.09469478
208 184 0.07723470
208 192 0.08294101
208 438 0.03089645
209 132 0.10605101
209 180 0.07584810
209 214 0.11071843
209 225 0.06484665
209 246 0.06767634
210 137 0.13959384
210 143 0.07274902
210 154 0.08022325
210 196 0.10695804
210 199 0.10214442
210 228 0.09766507
210 406 0.13327225
211 128 0.05787073
211 141 0.32723319
211 177 0.06334025
211 200 0.06024290
211 239 0.06949816
212 136 0.05620472
212 163 0.10284191
212 176 0.05587265
212 186 0.06668924
212 232 0.06254657
213 141 0.10919746
213 154 0.09769136
213 155 0.10341544
213 165 0.04335588
213 173 0.11663928
213 178 0.06137864
213 236 0.09341284
214 137 0.10072734
214 138 0.09758430
214 152 0.14540567
214 166 0.09389634
214 176 0.07578029
214 203 0.06267081
214 209 0.11071843
214 221 0.14509094
214 246 0.08251055
214 327 0.06640463
215 149 0.09591062
215 170 0.15344194
215 197 0.10690947
215 227 0.14718159
215 237 0.13322710
215 247 0.14217306
215 472 0.05474840
216 156 0.10337209
216 165 0.04332328
216 167 0.05442592
216 221 0.14580369
216 233 0.09071873
216 234 0.10967194
216 243 0.10809702
217 137 0.13024817
217 138 0.12773740
217 148 0.16883840
217 159 0.05644136
217 221 0.18432095
217 222 0.10363920
217 240 0.10565608
217 249 0.04498618
217 396 0.12124672
218 135 0.06820577
218 140 0.11271786
218 144 0.06669494
218 154 0.07542961
218 236 0.07386109
219 22 0.07203958
219 75 0.08137563
219 133 0.07466498
219 143 0.06787015
219 187 0.15566736
219 258 0.06549939
219 357 0.05215008
219 473 0.05604388
219 661 0.07576623
220 126 0.09870384
220 146 0.09624739
220 192 0.07009900
220 199 0.06520626
220 231 0.18107953
221 137 0.22833079
221 138 0.22146666
221 148 0.10941346
221 164 0.12637725
221 214 0.14509094
221 216 0.14580369
221 217 0.18432095
221 222 0.13494161
221 228 0.21381169
221 248 0.10557841
222 137 0.08145805
222 138 0.07993220
222 151 0.06797193
222 159 0.06260125
222 217 0.10363920
222 221 0.13494161
223 61 0.11915163
223 160 0.76417186
223 163 0.12823986
223 171 0.07900782
223 181 0.06798608
223 236 0.10203056
224 144 0.45388228
224 162 0.71740801
224 200 0.65022109
224 202 0.19645099
224 226 0.09845147
225 145 0.07989912
225 156 0.08415046
225 164 0.40868945
225 209 0.06484665
225 234 0.06472784
226 157 0.10905441
226 174 0.06790023
226 176 0.07292078
226 201 0.12124687
226 206 0.14446774
226 224 0.09845147
226 228 0.12257393
226 247 0.12807613
227 150 0.17514521
227 157 0.14262981
227 170 0.24610217
227 197 0.10550544
227 206 0.26827490
227 207 0.06340285
227 215 0.14718159
227 247 0.34302090
227 392 0.08515769
227 521 0.02792907
228 137 0.12639030
228 138 0.12766236
228 146 0.08014272
228 174 0.06973774
228 196 0.25449536
228 199 0.09043713
228 210 0.09766507
228 221 0.21381169
228 226 0.12257393
228 233 0.15698916
228 248 0.10402490
229 136 0.09923041
229 236 0.06878289
229 244 0.04994916
229 564 0.10076173
229 630 0.06836010
229 734 0.15971095
229 735 0.05236621
230 126 0.05797712
230 190 0.04472504
230 247 0.05271313
230 271 0.06065264
230 315 0.04515863
231 203 0.05997819
231 206 0.06196398
231 220 0.18107953
231 239 0.07118439
231 247 0.07990339
232 133 0.06974837
232 156 0.08206246
232 189 0.09441225
232 212 0.06254657
232 235 0.06091661
232 236 0.06577660
232 243 0.07250553
232 362 0.05801862
233 132 0.08313634
233 156 0.15290879
233 176 0.10022333
233 184 0.09598379
233 187 0.11924665
233 196 0.17663047
233 199 0.10574077
233 201 0.12109588
233 216 0.09071873
233 228 0.15698916
233 238 0.20010115
233 248 0.09592058
234 148 0.08949699
234 152 0.05298191
234 162 0.08863035
234 179 0.07895923
234 200 0.23503645
234 216 0.10967194
234 225 0.06472784
234 243 0.13639797
234 246 0.08687997
235 154 0.11776682
235 163 0.05924545
235 170 0.05264047
235 189 0.11873775
235 232 0.06091661
236 127 0.16964481
236 140 0.09316039
236 148 0.08702041
236 154 0.12401110
236 160 0.08645068
236 163 0.15020820
236 179 0.08241761
236 181 0.12857652
236 213 0.09341284
236 218 0.07386109
236 223 0.10203056
236 229 0.06878289
236 232 0.06577660
236 244 0.04866164
237 147 0.17107116
237 149 0.10862351
237 183 0.11069207
237 193 0.09418098
237 215 0.13322710
238 132 0.07692176
238 156 0.06654018
238 194 0.09139112
238 233 0.20010115
238 246 0.09383225
239 140 0.07497695
239 141 0.08508559
239 188 0.06870851
239 194 0.08806509
239 195 0.08178260
239 211 0.06949816
239 231 0.07118439
240 137 0.16423194
240 164 0.12237870
240 177 0.12496841
240 201 0.10593817
240 217 0.10565608
241 129 0.12621670
241 131 0.69787088
241 177 0.12318687
241 182 0.08772160
241 195 0.14754128
241 247 0.12218714
242 126 0.08080204
242 128 0.07240284
242 156 0.11905128
242 201 0.32163659
242 245 0.13370747
243 146 0.09795952
243 147 0.05464975
243 179 0.09943949
243 190 0.08339959
243 196 0.19408541
243 202 0.11780741
243 216 0.10809702
243 232 0.07250553
243 234 0.13639797
243 250 0.08765839
243 385 0.11959636
243 611 0.08542122
243 625 0.11399252
243 734 0.07760613
244 172 0.05360021
244 204 0.12223705
244 229 0.04994916
244 236 0.04866164
244 391 0.05229471
244 623 0.04532588
245 128 0.02177486
245 142 0.02304742
245 155 0.05905624
245 176 0.01976771
245 242 0.13370747
246 149 0.13958079
246 173 0.12058219
246 209 0.06767634
246 214 0.08251055
246 234 0.08687997
246 238 0.09383225
247 133 0.09489131
247 150 0.14273286
247 155 0.06077028
247 157 0.13835296
247 170 0.22706399
247 188 0.06902826
247 197 0.10475190
247 206 0.18688083
247 207 0.08041834
247 215 0.14217306
247 226 0.12807613
247 227 0.34302090
247 230 0.05271313
247 231 0.07990339
247 241 0.12218714
248 174 0.07175399
248 199 0.08768576
248 221 0.10557841
248 228 0.10402490
248 233 0.09592058
249 122 0.06673841
249 217 0.04498618
249 388 0.04914565
249 446 0.04685459
249 682 0.03463623
249 723 0.05049662
250 160 0.08881340
250 186 0.06318234
250 202 0.42054161
250 243 0.08765839
250 396 0.08066473
250 477 0.07107519
250 715 0.06646171
251 273 0.07460288
251 291 0.06232503
251 298 0.08089387
251 299 0.06312642
251 320 0.08803595
251 366 0.06182909
251 369 0.07872486
252 205 0.08285820
252 260 0.06567628
252 278 0.05732190
252 285 0.04917685
252 344 0.04911180
253 48 0.06647241
253 72 0.06523324
253 321 0.05580292
253 454 0.09127969
253 457 0.06337617
254 143 0.07093498
254 260 0.07229913
254 275 0.07314558
254 282 0.26685538
254 285 0.07556480
254 298 0.06564967
254 299 0.09837243
254 302 0.19082132
254 311 0.30341974
254 317 0.08499941
254 322 0.07182805
254 326 0.20472786
254 330 0.07359792
254 336 0.05769833
254 340 0.07953476
254 359 0.07546435
254 361 0.10521890
254 369 0.08914636
254 370 0.21404102
254 491 0.06351205
255 265 0.08483548
255 272 0.08514444
255 280 0.11342792
255 292 0.06981279
255 295 0.06289317
255 316 0.07775118
255 363 0.06199896
255 565 0.07523361
256 278 0.10703599
256 294 0.06753777
256 298 0.06105291
256 299 0.06136393
256 324 0.08024082
257 100 0.08290426
257 270 0.07726202
257 315 0.42715856
257 351 0.05532872
257 367 0.14153457
258 219 0.06549939
258 345 0.06059589
258 390 0.05607129
258 661 0.06483022
258 683 0.05969666
259 287 0.08539147
259 358 0.17531280
259 660 0.05452342
259 673 0.06153739
259 736 0.04884359
260 252 0.06567628
260 254 0.07229913
260 265 0.37799390
260 276 0.09965852
260 286 0.57045212
260 364 0.20347854
261 293 0.07620595
261 328 0.06703135
261 334 0.28252685
261 338 0.09382342
261 369 0.08182926
262 331 0.19954318
262 353 0.06595521
262 373 0.40993572
262 451 0.12786809
262 729 0.07335486
263 284 0.06489583
263 291 0.05094620
263 292 0.05269426
263 357 0.05843924
263 359 0.05629773
264 265 0.08120972
264 285 0.07560248
264 305 0.05926287
264 323 0.10327498
264 353 0.07530636
264 358 0.43528853
265 255 0.08483548
265 260 0.37799390
265 264 0.08120972
265 286 0.37907411
265 332 0.05492116
265 364 0.25837319
265 369 0.14079017
266 274 0.22589832
266 288 0.07563360
266 339 0.14012143
266 348 0.17699612
266 349 0.19945952
267 279 0.13947607
267 285 0.10457218
267 289 0.11701882
267 307 0.12546657
267 336 0.11862192
267 348 0.14910710
267 368 0.20818577
268 313 0.24869548
268 343 0.13441603
268 354 0.70009046
268 420 0.10787794
268 431 0.14568382
268 650 0.06308125
269 171 0.07395279
269 272 0.09740862
269 324 0.16047270
269 338 0.07744881
269 341 0.05329072
269 361 0.45017495
270 91 0.09538586
270 257 0.07726202
270 287 0.12395821
270 305 0.10077624
270 315 0.38335059
270 565 0.09997484
270 707 0.03943835
271 87 0.05082899
271 230 0.06065264
271 273 0.07397354
271 284 0.05508366
271 288 0.07744977
271 291 0.07597715
271 292 0.08835252
271 305 0.08849717
271 322 0.07504545
271 327 0.06740224
271 335 0.05284398
271 360 0.06527380
271 369 0.07768267
272 255 0.08514444
272 269 0.09740862
272 274 0.06342097
272 277 0.09531579
272 280 0.14414111
272 361 0.07236720
273 251 0.07460288
273 271 0.07397354
273 291 0.05142206
273 299 0.05878266
273 327 0.05146284
274 266 0.22589832
274 272 0.06342097
274 627 0.05104646
274 707 0.03242790
274 720 0.05056699
274 745 0.05935201
275 254 0.07314558
275 297 0.08351135
275 308 0.06889521
275 311 0.09160097
275 328 0.07728374
275 338 0.09117982
276 260 0.09965852
276 286 0.09633275
276 338 0.07878455
276 340 0.12196504
276 371 0.09512982
276 375 0.05135253
277 272 0.09531579
277 280 0.28240118
277 289 0.32898712
277 359 0.06000972
277 514 0.05932926
278 161 0.07666720
278 193 0.05949867
278 205 0.05857197
278 252 0.05732190
278 256 0.10703599
278 293 0.06714903
278 338 0.09079481
279 267 0.13947607
279 288 0.11440565
279 306 0.09254721
279 328 0.09454673
279 368 0.19378224
280 255 0.11342792
280 272 0.14414111
280 277 0.28240118
280 304 0.14090013
280 314 0.09755205
280 316 0.11529405
280 319 0.24783748
281 283 0.31305607
281 342 0.22035443
281 355 0.26992506
281 356 0.06072221
281 373 0.24393375
282 254 0.26685538
282 299 0.11542256
282 302 0.34651998
282 303 0.08655684
282 326 0.33918681
282 361 0.12711451
282 370 0.31323492
283 281 0.31305607
283 320 0.12153950
283 337 0.21136220
283 344 0.22511599
283 355 0.45191396
283 373 0.38640719
284 263 0.06489583
284 271 0.05508366
284 292 0.05230460
284 294 0.05442573
284 321 0.09791301
285 252 0.04917685
285 254 0.07556480
285 264 0.07560248
285 267 0.10457218
285 315 0.08481988
285 318 0.08311048
285 353 0.07246103
286 260 0.57045212
286 265 0.37907411
286 276 0.09633275
286 340 0.18099992
286 356 0.10068008
286 364 0.19061836
286 371 0.19241207
287 259 0.08539147
287 270 0.12395821
287 299 0.12881152
287 305 0.08160435
287 307 0.09042971
287 315 0.07642919
287 318 0.08646053
287 358 0.06048968
288 266 0.07563360
288 271 0.07744977
288 279 0.11440565
288 306 0.10708728
288 311 0.10605104
288 328 0.24637724
288 333 0.11590733
288 339 0.05968115
288 343 0.09831256
288 346 0.06374252
288 359 0.08576730
288 360 0.09660003
288 372 0.18974058
289 267 0.11701882
289 277 0.32898712
289 359 0.06116301
289 368 0.06663350
289 375 0.44304654
290 130 0.06278357
290 293 0.05364531
290 302 0.12661727
290 324 0.07375733
290 344 0.05673579
291 251 0.06232503
291 263 0.05094620
291 271 0.07597715
291 273 0.05142206
291 293 0.06167379
291 299 0.06774440
291 335 0.06960613
292 199 0.08459753
292 255 0.06981279
292 263 0.05269426
292 271 0.08835252
292 284 0.05230460
292 297 0.06606492
292 317 0.05215706
292 332 0.05139473
292 500 0.08663447
293 161 0.09197923
293 191 0.05151844
293 261 0.07620595
293 278 0.06714903
293 290 0.05364531
293 291 0.06167379
293 308 0.08498268
293 312 0.06873579
293 322 0.08237672
293 338 0.18425357
293 353 0.07154658
293 534 0.08255137
294 116 0.04747131
294 256 0.06753777
294 284 0.05442573
294 295 0.07828988
294 301 0.05180646
294 324 0.09817520
294 326 0.24928693
294 332 0.08982963
294 335 0.07029515
294 337 0.16040657
294 341 0.12418230
295 255 0.06289317
295 294 0.07828988
295 302 0.06847146
295 328 0.06146070
295 329 0.07934455
296 297 0.07321530
296 310 0.06278212
296 337 0.05773391
296 526 0.06944398
296 646 0.08764116
297 275 0.08351135
297 292 0.06606492
297 296 0.07321530
297 317 0.05335228
297 349 0.11524809
297 354 0.07896959
297 428 0.07218810
297 433 0.12116812
298 151 0.07517923
298 251 0.08089387
298 254 0.06564967
298 256 0.06105291
298 311 0.06902493
298 365 0.06401503
299 251 0.06312642
299 254 0.09837243
299 256 0.06136393
299 273 0.05878266
299 282 0.11542256
299 287 0.12881152
299 291 0.06774440
299 318 0.07140061
299 326 0.09212295
299 370 0.08991950
300 304 0.11005183
300 306 0.09284493
300 314 0.10071808
300 316 0.07844310
300 319 0.55740205
300 328 0.09786193
300 346 0.05786890
301 294 0.05180646
301 311 0.06028365
301 333 0.47579193
301 372 0.44648637
301 432 0.04767730
302 254 0.19082132
302 282 0.34651998
302 290 0.12661727
302 295 0.06847146
302 303 0.09941452
302 326 0.23868116
302 361 0.10956397
302 370 0.22635675
303 142 0.06668665
303 282 0.08655684
303 302 0.09941452
303 304 0.06853043
303 312 0.05522518
303 314 0.12144056
304 280 0.14090013
304 300 0.11005183
304 303 0.06853043
304 313 0.08084431
304 314 0.31765948
304 316 0.33110640
304 319 0.11956726
304 323 0.05224303
305 264 0.05926287
305 270 0.10077624
305 271 0.08849717
305 287 0.08160435
305 315 0.07206395
306 279 0.09254721
306 288 0.10708728
306 300 0.09284493
306 328 0.17524681
306 366 0.37967142
306 372 0.07562576
307 267 0.12546657
307 287 0.09042971
307 336 0.12547281
