1 29 0.16277223
1 43 0.22024495
1 87 0.26433355
1 98 0.41325828
1 110 0.12133594
1 168 0.33003770
1 186 0.16269702
2 25 0.09822840
2 96 0.06514166
2 197 0.15698865
2 939 0.15207930
2 948 0.14695950
2 1036 0.05607878
2 1043 0.07359298
2 1052 0.13535666
2 1101 0.19265970
2 1140 0.17366718
3 34 0.13081545
3 107 0.13481263
3 159 0.13455296
3 524 0.05284153
3 931 0.12082458
3 939 0.12268884
3 1180 0.09629469
4 67 0.17046169
4 80 0.15085787
4 83 0.22641846
4 199 0.14882510
4 1105 0.13202462
5 862 0.10074178
5 914 0.07003227
5 919 0.07714534
5 1014 0.07106773
5 1072 0.08539271
6 49 0.15260057
6 54 0.18838978
6 77 0.19171124
6 90 0.19286835
6 188 0.15717686
6 594 0.07030858
7 48 0.59339535
7 84 0.16181410
7 113 0.28702737
7 173 0.35892450
7 1040 0.25603278
8 82 0.30265878
8 111 0.23703727
8 120 0.27883096
8 123 0.16531515
8 143 0.19666863
9 18 0.25863717
9 32 0.21935545
9 62 0.24060644
9 119 0.64042314
9 126 0.22157597
9 1093 0.03697275
10 163 0.10499953
10 1017 0.09753198
10 1057 0.12444842
10 1129 0.16721223
10 1167 0.12474200
11 37 0.23799130
11 40 0.28848205
11 46 0.17995542
11 73 0.24455279
11 76 0.26823726
11 97 0.35593639
11 111 0.21114968
11 136 0.25792473
11 144 0.13824735
11 172 0.34486688
11 177 0.36258350
11 870 0.14297095
11 1003 0.19004750
12 37 0.31258689
12 66 0.08792557
12 124 0.33421589
12 130 0.27990850
12 134 0.26018104
13 88 0.14593636
13 137 0.11834503
13 145 0.21127328
13 148 0.44847643
13 163 0.16257142
13 198 0.57385721
14 116 0.16235141
14 154 0.13515415
14 165 0.22924383
14 185 0.11429001
14 197 0.11749475
15 22 0.16065061
15 30 0.86698274
15 36 0.17186112
15 79 0.23983744
15 129 0.34279116
15 309 0.08480059
15 886 0.09770387
15 898 0.13329583
16 41 0.10594066
16 714 0.04491450
16 742 0.03998261
16 835 0.04249220
16 1112 0.04371952
17 33 0.14973011
17 50 0.14144997
17 78 0.12252970
17 105 0.10032962
17 108 0.20109113
17 151 0.12280363
17 273 0.08346283
17 383 0.09444593
17 422 0.07818578
17 1013 0.06655889
18 9 0.25863717
18 32 0.40432294
18 62 0.25923327
18 74 0.22755571
18 119 0.71996596
18 161 0.21861003
18 181 0.49092418
19 110 0.14357711
19 147 0.11836697
19 155 0.10673016
19 178 0.10638091
19 309 0.08108462
19 1115 0.11540236
20 887 0.08466986
20 924 0.07924442
20 931 0.07192148
20 961 0.07861534
20 1124 0.07942838
21 53 0.35034759
21 57 0.15720593
21 166 0.11761355
21 826 0.06811716
21 941 0.11392496
21 1141 0.10456747
22 15 0.16065061
22 30 0.18145561
22 36 0.17189071
22 79 0.20547432
22 86 0.17851913
22 103 0.12581407
22 129 0.25040838
22 141 0.19690539
22 190 0.16903281
23 34 0.16538524
23 75 0.11787439
23 152 0.08658639
23 185 0.16826357
23 191 0.16243710
23 883 0.18419307
24 25 0.11017528
24 92 0.11946024
24 830 0.07076417
24 831 0.07886358
24 1162 0.07972003
25 2 0.09822840
25 24 0.11017528
25 85 0.27139410
25 1081 0.08307699
25 1101 0.09875960
25 1104 0.08855139
26 29 0.16495287
26 97 0.17906488
26 150 0.10349572
26 164 0.21104102
26 172 0.24516319
26 175 0.21196009
26 193 0.19722428
26 824 0.14493347
27 47 0.11295158
27 75 0.14801514
27 117 0.11485085
27 125 0.10068953
27 169 0.11850824
27 185 0.14058738
27 857 0.07084813
28 86 0.16658857
28 167 0.15735670
28 183 0.14430943
28 192 0.17903917
28 1022 0.16970821
28 1040 0.16027676
28 1086 0.13321111
29 1 0.16277223
29 26 0.16495287
29 87 0.15841621
29 98 0.18064409
29 168 0.14550418
29 351 0.08296699
30 15 0.86698274
30 22 0.18145561
30 36 0.20226223
30 79 0.26726210
30 129 0.38356331
30 886 0.09657317
30 898 0.14377824
30 1143 0.10668726
31 123 0.15840869
31 126 0.15764380
31 151 0.16220950
31 177 0.17636197
31 181 0.16404140
32 9 0.21935545
32 18 0.40432294
32 92 0.11985853
32 119 0.34948378
32 133 0.15443907
32 151 0.17422289
32 177 0.22637026
32 181 0.65413997
32 192 0.16447781
32 194 0.19757230
32 1040 0.17793533
33 17 0.14973011
33 50 0.19462214
33 78 0.14618317
33 142 0.15268674
33 181 0.14896515
33 273 0.11023117
34 3 0.13081545
34 23 0.16538524
34 45 0.09121641
34 47 0.09827763
34 70 0.07183945
34 107 0.13488968
34 185 0.15882425
34 829 0.13425528
34 923 0.11440372
34 925 0.13852725
34 931 0.15490434
34 933 0.15373597
34 939 0.18245975
34 962 0.16838440
34 1002 0.06326327
34 1052 0.11131682
34 1140 0.11992851
34 1183 0.11561503
35 43 0.20205373
35 84 0.18970502
35 97 0.24809848
35 104 0.37652103
35 115 0.21472347
35 126 0.26015850
35 153 0.27453045
35 187 0.38770256
35 1010 0.24744744
35 1021 0.20536260
35 1028 0.19021738
35 1046 0.23919738
35 1060 0.30917014
35 1067 0.24835944
35 1076 0.18012768
35 1080 0.14203780
35 1109 0.39378750
35 1147 0.37350515
35 1153 0.24134724
35 1154 0.36132312
35 1163 0.20675470
35 1198 0.27324164
36 15 0.17186112
36 22 0.17189071
36 30 0.20226223
36 79 0.17182300
36 129 0.21082288
36 1104 0.44928274
37 11 0.23799130
37 12 0.31258689
37 40 0.22683418
37 66 0.16598080
37 76 0.25941369
37 130 0.21139091
37 134 0.24398071
37 1112 0.17229194
37 1146 0.14880275
37 1149 0.16795999
38 72 0.07985029
38 128 0.20407494
38 163 0.09334607
38 173 0.11803519
38 174 0.10704523
38 877 0.14715322
39 138 0.17099235
39 162 0.10629146
39 632 0.08933857
39 1056 0.08902730
39 1064 0.09475473
40 11 0.28848205
40 37 0.22683418
40 42 0.56175741
40 46 0.41380037
40 76 0.18373157
40 327 0.06492291
41 16 0.10594066
41 931 0.06909509
41 939 0.07354234
41 962 0.08618416
41 1054 0.06590164
42 40 0.56175741
42 46 0.31295620
42 76 0.17253806
42 813 0.14512856
42 936 0.14799192
43 1 0.22024495
43 35 0.20205373
43 87 0.24782258
43 98 0.31220021
43 168 0.27462385
43 186 0.13005064
44 69 0.15193030
44 88 0.17561356
44 142 0.14194215
44 145 0.22080742
44 147 0.15960854
44 163 0.33096203
44 1075 0.14228034
45 34 0.09121641
45 50 0.10901002
45 147 0.08131436
45 948 0.08691762
45 956 0.07781064
46 11 0.17995542
46 40 0.41380037
46 42 0.31295620
46 76 0.21727090
46 870 0.12104988
46 1003 0.14653705
47 27 0.11295158
47 34 0.09827763
47 95 0.14640591
47 138 0.12046275
47 939 0.10053240
47 1116 0.09499645
48 7 0.59339535
48 84 0.11479766
48 95 0.11456854
48 173 0.12702762
48 1040 0.26157126
49 6 0.15260057
49 51 0.55983062
49 54 0.19697298
49 77 0.19015575
49 89 0.18999438
49 90 0.22564812
50 17 0.14144997
50 33 0.19462214
50 45 0.10901002
50 78 0.13785422
50 125 0.08225445
50 142 0.15190137
50 151 0.15457115
50 273 0.12529533
51 49 0.55983062
51 52 0.11819481
51 54 0.23415456
51 61 0.22275710
51 89 0.16703797
51 90 0.22780491
51 195 0.15401625
52 51 0.11819481
52 61 0.09822232
52 188 0.11170796
52 881 0.11569633
52 1059 0.11593647
53 21 0.35034759
53 57 0.14633148
53 155 0.30387327
53 174 0.21287554
53 826 0.06229746
53 870 0.12192680
54 6 0.18838978
54 49 0.19697298
54 51 0.23415456
54 56 0.21000522
54 61 0.23414060
54 77 0.27536663
54 81 0.11968038
54 84 0.20080575
54 89 0.18678645
54 90 0.29089707
54 167 0.16502554
54 176 0.17597509
54 195 0.23369777
54 387 0.05146249
55 60 0.13155074
55 93 0.07392689
55 151 0.07237521
55 160 0.07747909
55 522 0.06414070
55 1085 0.06817322
56 54 0.21000522
56 77 0.19920469
56 84 0.16682147
56 89 0.33902169
56 90 0.17794441
56 95 0.12473105
57 21 0.15720593
57 53 0.14633148
57 166 0.16983322
57 189 0.13108985
57 957 0.12477401
57 977 0.11587677
58 74 0.22202591
58 100 0.26842773
58 120 0.18648273
58 126 0.23885693
58 131 0.21685506
58 135 0.23849368
58 160 0.36664618
58 963 0.11495449
58 1013 0.05450545
59 67 0.14506769
59 80 0.14453204
59 110 0.12175062
59 170 0.13840171
59 199 0.13969386
59 1105 0.13380863
60 55 0.13155074
60 69 0.14634598
60 145 0.25937944
60 153 0.56662111
60 187 0.22258988
60 1109 0.21016178
60 1147 0.18979455
61 51 0.22275710
61 52 0.09822232
61 54 0.23414060
61 90 0.18565014
61 113 0.11156499
61 176 0.14566143
61 195 0.19692342
61 810 0.06220670
62 9 0.24060644
62 18 0.25923327
62 74 0.79447970
62 119 0.25099273
62 161 0.76615695
63 123 0.09762088
63 126 0.09837358
63 146 0.27322507
63 151 0.09955129
63 177 0.10870357
63 652 0.07270262
64 71 0.12265228
64 166 0.23078402
64 174 0.46915543
64 180 0.14205347
64 182 0.14393895
64 189 0.31972623
64 966 0.12872768
64 1087 0.06655051
65 98 0.14160438
65 814 0.10961802
65 901 0.07363927
65 928 0.08901471
65 944 0.16662202
65 957 0.18321463
65 1136 0.11313361
66 12 0.08792557
66 37 0.16598080
66 134 0.83179188
66 147 0.15086109
66 1022 0.18524346
66 1086 0.12961726
66 1114 0.13435127
67 4 0.17046169
67 59 0.14506769
67 80 0.44837996
67 139 0.12612461
67 199 0.18768681
67 1055 0.14807354
67 1105 0.16018814
68 135 0.23036838
68 161 0.20452490
68 177 0.17634966
68 181 0.17534170
68 848 0.09954939
68 1013 0.05674814
68 1097 0.13416395
68 1130 0.14362337
68 1131 0.27750137
69 44 0.15193030
69 60 0.14634598
69 117 0.29250212
69 137 0.12409736
69 145 0.25787431
69 147 0.20837286
69 219 0.10017752
70 34 0.07183945
70 81 0.08462859
70 85 0.48619229
70 152 0.06575011
70 962 0.06835721
70 1009 0.04205058
71 64 0.12265228
71 155 0.50286081
71 166 0.15050131
71 180 0.33139989
71 182 0.14888753
72 38 0.07985029
72 92 0.08380372
72 118 0.09158267
72 158 0.07945072
72 194 0.10554191
73 11 0.24455279
73 81 0.13527549
73 94 0.07739396
73 97 0.23640280
73 117 0.18993859
73 136 0.19103633
73 170 0.06508695
73 172 0.24778073
73 177 0.25718677
73 219 0.14821201
74 18 0.22755571
74 58 0.22202591
74 62 0.79447970
74 100 0.23342138
74 133 0.14442122
74 160 0.23293981
74 161 0.60965607
74 184 0.14753969
74 607 0.05988125
74 1008 0.11905927
75 23 0.11787439
75 27 0.14801514
75 152 0.08739796
75 169 0.10607089
75 191 0.12581173
76 11 0.26823726
76 37 0.25941369
76 40 0.18373157
76 42 0.17253806
76 46 0.21727090
76 870 0.18189454
76 1003 0.24332547
77 6 0.19171124
77 49 0.19015575
77 54 0.27536663
77 56 0.19920469
77 84 0.22035668
77 89 0.19700799
77 90 0.23317281
77 167 0.18232781
77 699 0.10023682
78 17 0.12252970
78 33 0.14618317
78 50 0.13785422
78 151 0.14675364
78 181 0.14709492
79 15 0.23983744
79 22 0.20547432
79 30 0.26726210
79 36 0.17182300
79 129 0.42253351
79 976 0.08855330
79 981 0.08116855
79 1116 0.08423357
79 1174 0.06040331
80 4 0.15085787
80 59 0.14453204
80 67 0.44837996
80 99 0.16016981
80 104 0.22215768
80 144 0.20192230
80 199 0.18877524
80 1063 0.23399977
81 54 0.11968038
81 70 0.08462859
81 73 0.13527549
81 117 0.17696738
81 125 0.06507428
81 219 0.15336806
81 1036 0.07609265
81 1059 0.12309079
82 8 0.30265878
82 111 0.20003547
82 120 0.28801244
82 123 0.16591116
82 143 0.18147756
83 4 0.22641846
83 156 0.29331341
83 158 0.07031059
83 185 0.15147615
83 199 0.10807031
83 1105 0.10370980
84 7 0.16181410
84 35 0.18970502
84 48 0.11479766
84 54 0.20080575
84 56 0.16682147
84 77 0.22035668
84 90 0.18473690
84 176 0.19458092
84 676 0.07419181
85 25 0.27139410
85 70 0.48619229
85 152 0.05904376
85 295 0.05790521
85 942 0.06312841
85 1009 0.04076039
86 22 0.17851913
86 28 0.16658857
86 141 0.14643405
86 190 0.26121249
86 192 0.24756950
86 878 0.09243281
86 1014 0.10459584
86 1040 0.16948069
86 1186 0.11222142
87 1 0.26433355
87 29 0.15841621
87 43 0.24782258
87 98 0.37015703
87 168 0.34370313
87 186 0.16688653
87 1195 0.09951559
88 13 0.14593636
88 44 0.17561356
88 106 0.21503051
88 147 0.24698376
88 148 0.15570572
88 163 0.19513391
88 169 0.16032833
88 179 0.22576336
88 195 0.15689269
88 293 0.08698681
88 1085 0.17634578
89 49 0.18999438
89 51 0.16703797
89 54 0.18678645
89 56 0.33902169
89 77 0.19700799
89 90 0.18128133
90 6 0.19286835
90 49 0.22564812
90 51 0.22780491
90 54 0.29089707
90 56 0.17794441
90 61 0.18565014
90 77 0.23317281
90 84 0.18473690
90 89 0.18128133
90 188 0.16608513
90 195 0.20154477
90 1164 0.10879392
91 196 0.06839054
91 530 0.12068767
91 686 0.07516606
91 783 0.08340627
91 1195 0.09370305
92 24 0.11946024
92 32 0.11985853
92 72 0.08380372
92 138 0.12174834
92 159 0.14639333
92 194 0.16786497
93 55 0.07392689
93 114 0.18838980
93 124 0.21906211
93 148 0.13088435
93 257 0.05655708
93 885 0.10917564
93 939 0.14490584
93 962 0.12392722
94 73 0.07739396
94 900 0.08911891
94 1052 0.07998542
94 1101 0.07340107
94 1155 0.08014322
95 47 0.14640591
95 48 0.11456854
95 56 0.12473105
95 195 0.09882815
95 1166 0.11573592
96 2 0.06514166
96 131 0.05913117
96 185 0.06778478
96 196 0.06537006
96 1105 0.05509560
97 11 0.35593639
97 26 0.17906488
97 35 0.24809848
97 73 0.23640280
97 104 0.21810226
97 111 0.22165776
97 136 0.26145444
97 143 0.23349888
97 144 0.15625864
97 164 0.21413619
97 172 0.60423908
97 175 0.22429639
97 177 0.37866069
97 188 0.16489437
97 193 0.19766251
97 835 0.11357925
97 868 0.18793880
98 1 0.41325828
98 29 0.18064409
98 43 0.31220021
98 65 0.14160438
98 87 0.37015703
98 168 0.42194068
98 186 0.19528712
98 1195 0.10069275
99 80 0.16016981
99 104 0.10916262
99 144 0.10592756
99 1063 0.10115605
99 1172 0.06836416
100 58 0.26842773
100 74 0.23342138
100 120 0.29275781
100 131 0.24153991
100 135 0.21101558
100 160 0.28910629
100 161 0.22238852
100 1040 0.19314940
100 1096 0.21509571
100 1146 0.12749386
101 163 0.09455842
101 179 0.09683496
101 914 0.09400459
101 961 0.10594228
101 1010 0.09322872
101 1081 0.08353589
102 103 0.09544602
102 157 0.84458652
102 184 0.32331661
102 301 0.06823974
102 918 0.08870258
102 1068 0.17462330
103 22 0.12581407
103 102 0.09544602
103 124 0.35017261
103 129 0.21576339
103 192 0.12462137
103 1068 0.10195779
104 35 0.37652103
104 80 0.22215768
104 97 0.21810226
104 99 0.10916262
104 115 0.21660236
104 144 0.23311904
104 187 0.26148378
104 1063 0.13119228
105 17 0.10032962
105 123 0.20369941
105 133 0.11497034
105 143 0.21818897
105 181 0.09651459
105 1012 0.06973737
106 88 0.21503051
106 112 0.15340331
106 169 0.14504129
106 179 0.40126674
106 195 0.13457999
107 3 0.13481263
107 34 0.13488968
107 159 0.41769805
107 163 0.11387000
107 197 0.11498704
108 17 0.20109113
108 124 0.08213018
108 309 0.08076559
108 422 0.08339439
108 1035 0.08009788
109 132 0.24317344
109 147 0.22211008
109 813 0.17835434
109 851 0.14680112
109 872 0.11822348
109 922 0.11086827
109 924 0.10696431
109 935 0.11193469
109 936 0.25854522
109 1059 0.16558584
109 1171 0.13209897
110 1 0.12133594
110 19 0.14357711
110 59 0.12175062
110 139 0.13575010
110 149 0.09444200
110 170 0.12010316
110 813 0.12770683
111 8 0.23703727
111 11 0.21114968
111 82 0.20003547
111 97 0.22165776
111 118 0.14939536
111 143 0.25974641
111 307 0.06550305
112 106 0.15340331
112 147 0.15316094
112 179 0.19565106
112 814 0.15728246
112 914 0.17238894
112 941 0.08292280
112 947 0.12953707
112 965 0.15008866
112 1047 0.08336198
112 1141 0.14407104
112 1192 0.09971392
113 7 0.28702737
113 61 0.11156499
113 1084 0.12402269
113 1145 0.13877153
113 1157 0.11068315
114 93 0.18838980
114 116 0.18255894
114 124 0.34194871
114 149 0.13009632
114 164 0.35084235
115 35 0.21472347
115 104 0.21660236
115 1060 0.19140722
115 1147 0.19695041
115 1154 0.18931713
116 14 0.16235141
116 114 0.18255894
116 154 0.73859158
116 164 0.21104775
116 165 0.17539024
117 27 0.11485085
117 69 0.29250212
117 73 0.18993859
117 81 0.17696738
117 125 0.08534595
117 219 0.17033236
117 588 0.06968870
117 868 0.17600322
118 72 0.09158267
118 111 0.14939536
118 120 0.14847775
118 158 0.16960286
118 170 0.07611198
118 1142 0.07684242
118 1148 0.11925679
118 1166 0.10907516
119 9 0.64042314
119 18 0.71996596
119 32 0.34948378
119 62 0.25099273
119 181 0.40716073
120 8 0.27883096
120 58 0.18648273
120 82 0.28801244
120 100 0.29275781
120 118 0.14847775
120 160 0.21390013
120 416 0.06818326
120 887 0.14662127
120 934 0.10378450
120 973 0.09874089
120 1112 0.15937932
120 1142 0.08734762
121 858 0.04703597
121 875 0.05229632
121 994 0.05609274
121 1116 0.07157916
121 1145 0.04953936
122 147 0.15910450
122 183 0.14927429
122 813 0.19300497
122 902 0.16379482
122 914 0.15530900
122 936 0.18111662
122 1044 0.10735013
122 1101 0.12667011
122 1155 0.13016580
123 8 0.16531515
123 31 0.15840869
123 63 0.09762088
123 82 0.16591116
123 105 0.20369941
123 133 0.21559006
123 143 0.67483091
123 151 0.21496027
123 177 0.37086249
123 181 0.22047730
123 191 0.09304031
123 198 0.12822915
123 1012 0.09509709
124 12 0.33421589
124 93 0.21906211
124 103 0.35017261
124 108 0.08213018
124 114 0.34194871
124 129 0.14008193
125 27 0.10068953
125 50 0.08225445
125 81 0.06507428
125 117 0.08534595
125 968 0.06337098
126 9 0.22157597
126 31 0.15764380
126 35 0.26015850
126 58 0.23885693
126 63 0.09837358
126 151 0.20242043
126 177 0.21302923
126 1002 0.06479939
126 1147 0.21662399
126 1163 0.16453374
127 816 0.11895424
127 859 0.13998270
127 1015 0.14342288
127 1107 0.12193325
127 1115 0.13308950
127 1134 0.10763700
127 1169 0.07437716
127 1192 0.09023082
128 38 0.20407494
128 173 0.23137575
128 629 0.07317962
128 633 0.11454199
128 667 0.06812827
129 15 0.34279116
129 22 0.25040838
129 30 0.38356331
129 36 0.21082288
129 79 0.42253351
129 103 0.21576339
129 124 0.14008193
129 851 0.12644801
129 864 0.06167487
129 898 0.15784440
129 922 0.10977652
129 933 0.14443209
129 981 0.06034235
129 991 0.07656914
129 1000 0.14046217
129 1017 0.17653581
130 12 0.27990850
130 37 0.21139091
130 134 0.16115185
130 197 0.13111037
130 948 0.16472827
131 58 0.21685506
131 96 0.05913117
131 100 0.24153991
131 135 0.20403536
131 160 0.20663398
131 196 0.16280882
131 1027 0.14096539
131 1175 0.20316251
131 1190 0.19480582
132 109 0.24317344
132 171 0.16965317
132 983 0.12354068
132 994 0.11562235
132 1064 0.13085065
133 32 0.15443907
133 74 0.14442122
133 105 0.11497034
133 123 0.21559006
133 143 0.16801138
133 199 0.14900657
133 1012 0.08130427
134 12 0.26018104
134 37 0.24398071
134 66 0.83179188
134 130 0.16115185
134 147 0.12282052
135 58 0.23849368
135 68 0.23036838
135 100 0.21101558
135 131 0.20403536
135 160 0.21461590
136 11 0.25792473
136 73 0.19103633
136 97 0.26145444
136 172 0.29949764
136 177 0.31529758
136 183 0.14023452
137 13 0.11834503
137 69 0.12409736
137 144 0.43284724
137 145 0.21820218
137 148 0.24983820
137 250 0.07389225
138 39 0.17099235
138 47 0.12046275
138 92 0.12174834
138 159 0.11954462
138 162 0.25400337
138 539 0.10279266
138 632 0.15537706
139 67 0.12612461
139 110 0.13575010
139 199 0.16012917
139 1055 0.13810929
139 1105 0.14099132
140 156 0.23780013
140 1035 0.18264007
140 1069 0.15838091
140 1073 0.20242182
140 1175 0.20631420
141 22 0.19690539
141 86 0.14643405
141 190 0.17596445
141 891 0.08793414
141 978 0.09873918
142 33 0.15268674
142 44 0.14194215
142 50 0.15190137
142 151 0.12542595
142 1075 0.13112488
143 8 0.19666863
143 82 0.18147756
143 97 0.23349888
143 105 0.21818897
143 111 0.25974641
143 123 0.67483091
143 133 0.16801138
143 198 0.13149030
143 1012 0.08663341
144 11 0.13824735
144 80 0.20192230
144 97 0.15625864
144 99 0.10592756
144 104 0.23311904
144 137 0.43284724
144 1063 0.13081930
145 13 0.21127328
145 44 0.22080742
145 60 0.25937944
145 69 0.25787431
145 137 0.21820218
145 153 0.22763559
145 163 0.15537282
145 184 0.23901678
145 187 0.23197623
146 63 0.27322507
146 457 0.08634662
146 898 0.09745180
146 939 0.07885770
146 1099 0.08563925
147 19 0.11836697
147 44 0.15960854
147 45 0.08131436
147 66 0.15086109
147 69 0.20837286
147 88 0.24698376
147 109 0.22211008
147 112 0.15316094
147 122 0.15910450
147 134 0.12282052
147 149 0.09046095
147 163 0.19537560
147 184 0.13586986
147 813 0.21217082
147 819 0.07965331
147 833 0.12511829
147 847 0.13556709
147 848 0.08997023
147 862 0.10349573
147 885 0.11874714
147 924 0.11175378
147 931 0.15124363
147 936 0.26709991
147 948 0.18127479
147 999 0.10152607
147 1085 0.17442327
147 1093 0.03064540
147 1113 0.08887983
147 1149 0.16137764
147 1158 0.10982497
147 1164 0.09640645
147 1167 0.12459586
147 1171 0.09331379
148 13 0.44847643
148 88 0.15570572
148 93 0.13088435
148 137 0.24983820
148 197 0.15989849
148 198 0.59381515
148 250 0.05666146
149 110 0.09444200
149 114 0.13009632
149 147 0.09046095
149 197 0.11647332
149 594 0.07165101
149 939 0.09218056
150 26 0.10349572
150 301 0.06555034
150 805 0.09401335
150 824 0.11980343
150 830 0.08308743
150 916 0.09076697
151 17 0.12280363
151 31 0.16220950
151 32 0.17422289
151 50 0.15457115
151 55 0.07237521
151 63 0.09955129
151 78 0.14675364
151 123 0.21496027
151 126 0.20242043
151 142 0.12542595
151 177 0.22647112
151 181 0.29539249
151 1026 0.10181592
151 1169 0.06681765
152 23 0.08658639
152 70 0.06575011
152 75 0.08739796
152 85 0.05904376
152 191 0.18105009
152 1058 0.07350505
152 1145 0.09115149
153 35 0.27453045
153 60 0.56662111
153 145 0.22763559
153 187 0.27735317
153 1147 0.28569124
153 1154 0.25242765
154 14 0.13515415
154 116 0.73859158
154 164 0.13093315
154 165 0.13960548
154 197 0.11933774
155 19 0.10673016
155 53 0.30387327
155 71 0.50286081
155 166 0.14472795
155 174 0.25055988
155 180 0.19112200
155 182 0.13810126
156 83 0.29331341
156 140 0.23780013
156 185 0.18168470
156 696 0.11357995
156 1035 0.16263012
156 1069 0.15587459
156 1114 0.18829412
157 102 0.84458652
157 184 0.38064193
157 918 0.09411444
157 1068 0.18367343
157 1134 0.09320833
158 72 0.07945072
158 83 0.07031059
158 118 0.16960286
158 197 0.06836711
158 1000 0.06896699
159 3 0.13455296
159 92 0.14639333
159 107 0.41769805
159 138 0.11954462
159 632 0.08254445
160 55 0.07747909
160 58 0.36664618
160 74 0.23293981
160 100 0.28910629
160 120 0.21390013
160 131 0.20663398
160 135 0.21461590
160 161 0.25373073
160 963 0.12778866
160 1008 0.09499266
161 18 0.21861003
161 62 0.76615695
161 68 0.20452490
161 74 0.60965607
161 100 0.22238852
161 160 0.25373073
161 1008 0.11541352
162 39 0.10629146
162 138 0.25400337
162 613 0.08791856
162 620 0.05673073
162 661 0.13343084
163 10 0.10499953
163 13 0.16257142
163 38 0.09334607
163 44 0.33096203
163 88 0.19513391
163 101 0.09455842
163 107 0.11387000
163 145 0.15537282
163 147 0.19537560
163 845 0.13468689
163 885 0.13064500
163 924 0.10530879
163 952 0.11340629
163 1075 0.11998548
163 1083 0.08288359
163 1142 0.07574740
164 26 0.21104102
164 97 0.21413619
164 114 0.35084235
164 116 0.21104775
164 154 0.13093315
164 172 0.30063956
164 193 0.23404353
165 14 0.22924383
165 116 0.17539024
165 154 0.13960548
165 197 0.12969860
165 948 0.11617335
166 21 0.11761355
166 57 0.16983322
166 64 0.23078402
166 71 0.15050131
166 155 0.14472795
166 174 0.13849350
166 180 0.16130012
166 182 0.18447429
166 189 0.18951354
167 28 0.15735670
167 54 0.16502554
167 77 0.18232781
167 168 0.19687398
167 176 0.47563352
167 188 0.21470830
167 1186 0.13004506
168 1 0.33003770
168 29 0.14550418
168 43 0.27462385
168 87 0.34370313
168 98 0.42194068
168 167 0.19687398
168 176 0.37060052
168 186 0.16847056
168 188 0.25043824
168 1195 0.07856698
169 27 0.11850824
169 75 0.10607089
169 88 0.16032833
169 106 0.14504129
169 179 0.14680579
169 195 0.12184788
170 59 0.13840171
170 73 0.06508695
170 110 0.12010316
170 118 0.07611198
170 877 0.08359433
171 132 0.16965317
171 1015 0.13203837
171 1016 0.08591853
171 1039 0.19105532
171 1078 0.12838406
171 1118 0.12100541
171 1125 0.16397170
172 11 0.34486688
172 26 0.24516319
172 73 0.24778073
172 97 0.60423908
172 136 0.29949764
172 164 0.30063956
172 175 0.26968801
172 177 0.43810721
172 193 0.30728631
173 7 0.35892450
173 38 0.11803519
173 48 0.12702762
173 128 0.23137575
173 633 0.10042705
174 38 0.10704523
174 53 0.21287554
174 64 0.46915543
174 155 0.25055988
174 166 0.13849350
174 189 0.23370172
175 26 0.21196009
175 97 0.22429639
175 172 0.26968801
175 193 0.22274838
175 835 0.24231077
175 901 0.07916585
175 1140 0.13173136
176 54 0.17597509
176 61 0.14566143
176 84 0.19458092
176 167 0.47563352
176 168 0.37060052
176 188 0.36165086
176 192 0.15628960
176 1186 0.12416532
177 11 0.36258350
177 31 0.17636197
177 32 0.22637026
177 63 0.10870357
177 68 0.17634966
177 73 0.25718677
177 97 0.37866069
177 123 0.37086249
177 126 0.21302923
177 136 0.31529758
177 151 0.22647112
177 172 0.43810721
177 181 0.30109506
177 1036 0.05088502
178 19 0.10638091
178 868 0.18794872
178 889 0.10599625
178 890 0.11857860
178 918 0.14657663
178 950 0.14923572
178 983 0.16582800
178 990 0.09977120
178 1017 0.14496699
178 1113 0.08600379
178 1182 0.03963515
179 88 0.22576336
179 101 0.09683496
179 106 0.40126674
179 112 0.19565106
179 169 0.14680579
179 195 0.14052014
180 64 0.14205347
180 71 0.33139989
180 155 0.19112200
180 166 0.16130012
180 182 0.43973266
180 189 0.12604520
180 863 0.11942835
181 18 0.49092418
181 31 0.16404140
181 32 0.65413997
181 33 0.14896515
181 68 0.17534170
181 78 0.14709492
181 105 0.09651459
181 119 0.40716073
181 123 0.22047730
181 151 0.29539249
181 177 0.30109506
182 64 0.14393895
182 71 0.14888753
182 155 0.13810126
182 166 0.18447429
182 180 0.43973266
183 28 0.14430943
183 122 0.14927429
183 136 0.14023452
183 185 0.15979665
183 197 0.14520696
183 200 0.05885523
183 1086 0.10638445
184 74 0.14753969
184 102 0.32331661
184 145 0.23901678
184 147 0.13586986
184 157 0.38064193
184 362 0.07546177
184 834 0.07427510
184 1008 0.11420149
185 14 0.11429001
185 23 0.16826357
185 27 0.14058738
185 34 0.15882425
185 83 0.15147615
185 96 0.06778478
185 156 0.18168470
185 183 0.15979665
185 418 0.09896031
185 572 0.11504000
185 1129 0.09252023
186 1 0.16269702
186 43 0.13005064
186 87 0.16688653
186 98 0.19528712
186 168 0.16847056
187 35 0.38770256
187 60 0.22258988
187 104 0.26148378
187 145 0.23197623
187 153 0.27735317
187 1147 0.25545615
188 6 0.15717686
188 52 0.11170796
188 90 0.16608513
188 97 0.16489437
188 167 0.21470830
188 168 0.25043824
188 176 0.36165086
189 57 0.13108985
189 64 0.31972623
189 166 0.18951354
189 174 0.23370172
189 180 0.12604520
189 1007 0.07361444
190 22 0.16903281
190 86 0.26121249
190 141 0.17596445
190 192 0.13872255
190 271 0.07652558
190 368 0.09328752
191 23 0.16243710
191 75 0.12581173
191 123 0.09304031
191 152 0.18105009
191 198 0.11548587
192 28 0.17903917
192 32 0.16447781
192 86 0.24756950
192 103 0.12462137
192 176 0.15628960
192 190 0.13872255
192 200 0.06481231
192 1040 0.17436761
192 1186 0.11782948
193 26 0.19722428
193 97 0.19766251
193 164 0.23404353
193 172 0.30728631
193 175 0.22274838
193 1138 0.09580474
193 1200 0.16151223
194 32 0.19757230
194 72 0.10554191
194 92 0.16786497
194 196 0.10601074
194 399 0.05519784
194 1060 0.18663631
194 1099 0.24396640
194 1184 0.20790904
194 1194 0.14441930
195 51 0.15401625
195 54 0.23369777
195 61 0.19692342
195 88 0.15689269
195 90 0.20154477
195 95 0.09882815
195 106 0.13457999
195 169 0.12184788
195 179 0.14052014
196 91 0.06839054
196 96 0.06537006
196 131 0.16280882
196 194 0.10601074
196 1006 0.14015655
196 1027 0.21504251
196 1175 0.27609181
197 2 0.15698865
197 14 0.11749475
197 107 0.11498704
197 130 0.13111037
197 148 0.15989849
197 149 0.11647332
197 154 0.11933774
197 158 0.06836711
197 165 0.12969860
197 183 0.14520696
197 923 0.09373623
197 939 0.15634943
197 948 0.14308807
197 1052 0.13407527
198 13 0.57385721
198 123 0.12822915
198 143 0.13149030
198 148 0.59381515
198 191 0.11548587
198 906 0.14339585
199 4 0.14882510
199 59 0.13969386
199 67 0.18768681
199 80 0.18877524
199 83 0.10807031
199 133 0.14900657
199 139 0.16012917
199 1024 0.15262731
199 1040 0.17546917
199 1055 0.18719111
199 1105 0.20103234
199 1186 0.12225792
200 183 0.05885523
200 192 0.06481231
200 954 0.04877130
200 1166 0.05390262
200 1181 0.06453610
201 203 0.37377573
201 275 0.09488682
201 322 0.12668093
201 336 0.08878834
201 366 0.11113068
202 208 0.16088323
202 245 0.14566781
202 259 0.08246206
202 285 0.16506335
202 294 0.09369845
202 341 0.09535708
202 360 0.14604633
202 374 0.13742983
202 375 0.11139012
202 389 0.09607734
203 201 0.37377573
203 208 0.11721927
203 281 0.15914275
203 292 0.07604543
203 315 0.10440791
203 321 0.10926768
203 322 0.15573032
203 328 0.09508116
203 336 0.16460072
203 385 0.09694395
203 605 0.08694090
204 221 0.07106864
204 230 0.09742161
204 267 0.11845179
204 269 0.10142666
204 283 0.17240066
204 286 0.10227497
204 290 0.17671813
204 308 0.13654703
204 316 0.08005431
204 346 0.11061701
204 382 0.12337094
204 391 0.08573024
205 231 0.11403458
205 236 0.15574100
205 332 0.07906570
205 339 0.12959891
205 357 0.11063242
205 397 0.11300172
206 310 0.06951136
206 317 0.11602414
206 321 0.08441386
206 367 0.07230362
206 672 0.21280916
206 1152 0.04843727
207 211 0.13056647
207 246 0.10221690
207 276 0.11206815
207 278 0.10185698
207 314 0.09352579
207 326 0.08912798
207 329 0.14582101
207 345 0.12327155
207 390 0.12366580
208 202 0.16088323
208 203 0.11721927
208 227 0.10838074
208 321 0.11102868
208 322 0.09161383
208 332 0.08856142
209 303 0.08022325
209 305 0.09517639
209 341 0.07647355
209 364 0.08286195
209 375 0.07872882
210 236 0.29035677
210 239 0.11956897
210 253 0.15674205
210 259 0.09028591
210 266 0.22833079
210 303 0.13959384
210 325 0.09025676
210 333 0.13681604
210 338 0.11055573
210 364 0.19797524
210 366 0.13406632
210 372 0.15445957
210 376 0.12191811
210 390 0.15112834
210 392 0.19996295
210 395 0.17886457
210 1071 0.05176612
211 207 0.13056647
211 220 0.09873841
211 243 0.10810017
211 276 0.16010466
211 307 0.07779702
211 326 0.11741089
211 334 0.15154734
211 345 0.52090591
211 357 0.11472679
211 364 0.12102775
212 236 0.11627271
212 257 0.07062981
212 277 0.05300702
212 388 0.04877021
212 737 0.07565230
212 820 0.05259624
213 245 0.10959039
213 338 0.10711069
213 340 0.09904102
213 346 0.06631510
213 712 0.06928433
214 225 0.09898051
214 241 0.17505700
214 285 0.12562627
214 343 0.11691603
214 358 0.43506358
214 360 0.10062586
214 362 0.32858526
214 363 0.07773462
215 216 0.05573305
215 275 0.09092290
215 280 0.12651151
215 297 0.08562827
215 343 0.11122793
215 366 0.12707324
215 378 0.58147491
215 400 0.05851390
216 215 0.05573305
216 281 0.06824556
216 315 0.08043762
216 395 0.05927428
216 398 0.06347841
217 245 0.06858788
217 478 0.06053485
217 686 0.06693511
217 703 0.05886651
217 723 0.07276121
218 222 0.15419732
218 290 0.08689804
218 356 0.15766100
218 364 0.19046653
218 427 0.07721479
219 69 0.10017752
219 73 0.14821201
219 81 0.15336806
219 117 0.17033236
219 295 0.09251634
220 211 0.09873841
220 236 0.12392781
220 246 0.32204991
220 261 0.17927500
220 329 0.11996851
220 579 0.07314938
221 204 0.07106864
221 242 0.59893682
221 265 0.05560127
221 669 0.05831152
221 745 0.05352165
222 218 0.15419732
222 238 0.08763281
222 262 0.09928537
222 266 0.09233864
222 356 0.65022109
222 364 0.65806256
223 310 0.08475575
223 370 0.06985226
223 441 0.06931151
223 572 0.07445156
223 931 0.07215641
224 234 0.07734609
224 263 0.14941941
224 287 0.08913925
224 330 0.11017871
224 337 0.12981951
224 344 0.09526790
224 416 0.06076954
225 214 0.09898051
225 287 0.17547710
225 367 0.09757150
225 674 0.10001004
225 732 0.09688506
226 228 0.10312016
226 288 0.09686546
226 299 0.09811924
226 311 0.69787088
226 322 0.10325099
226 370 0.10373427
226 385 0.08796308
226 1071 0.06822309
227 208 0.10838074
227 255 0.05531538
227 274 0.12560247
227 296 0.08238602
227 333 0.18641191
227 336 0.07137850
227 377 0.08607906
227 379 0.08948433
228 226 0.10312016
228 231 0.25137053
228 256 0.09146523
228 270 0.19381250
228 299 0.16312996
228 302 0.09684161
228 357 0.11683380
228 731 0.07617489
229 258 0.22645626
229 298 0.11317183
229 350 0.13250199
229 368 0.65185409
229 371 0.16604386
229 394 0.13525714
230 204 0.09742161
230 271 0.08581319
230 290 0.09652975
230 366 0.09829653
230 461 0.10636172
230 706 0.09891798
231 205 0.11403458
231 228 0.25137053
231 237 0.11176153
231 244 0.09943648
231 270 0.80634690
231 292 0.07280890
231 295 0.09770285
231 299 0.25577033
231 337 0.13966398
231 339 0.14817864
231 357 0.16038140
231 393 0.11090318
232 249 0.13796876
232 252 0.18862815
232 260 0.13392783
232 295 0.12367523
232 361 0.07762614
232 379 0.13281774
232 381 0.12442338
233 263 0.17107116
233 296 0.14539608
233 306 0.07839994
233 330 0.09265578
233 337 0.09038328
233 344 0.14136197
234 224 0.07734609
234 253 0.08381696
234 266 0.08582024
234 395 0.08130123
234 397 0.10497593
235 275 0.11953559
235 316 0.19268649
235 330 0.16040556
235 337 0.11966268
235 366 0.08544967
236 205 0.15574100
236 210 0.29035677
236 212 0.11627271
236 220 0.12392781
236 239 0.11868083
236 303 0.12165676
236 325 0.07809467
236 332 0.08792938
236 346 0.11056448
236 361 0.08065546
236 364 0.14162742
236 376 0.09673603
236 395 0.18006405
236 397 0.11061474
237 231 0.11176153
237 253 0.09881252
237 299 0.11470055
237 313 0.70349267
237 339 0.14223287
237 393 0.11025278
238 222 0.08763281
238 283 0.07298455
238 290 0.09707833
238 318 0.38099674
238 356 0.12362449
239 210 0.11956897
239 236 0.11868083
239 241 0.13448395
239 303 0.89233959
239 338 0.11523233
239 395 0.20766480
239 522 0.05975128
240 278 0.09389595
240 324 0.07301721
240 341 0.08176399
240 386 0.08279344
240 501 0.15154758
241 214 0.17505700
241 239 0.13448395
241 289 0.29543141
241 303 0.12858206
241 342 0.17097948
241 343 0.58791841
241 391 0.09735418
241 395 0.15742619
242 221 0.59893682
242 315 0.09014679
242 335 0.10494040
242 337 0.07657767
242 398 0.08294101
243 211 0.10810017
243 276 0.22524779
243 326 0.23633490
243 334 0.09587090
243 365 0.18678808
244 231 0.09943648
244 256 0.09819946
244 275 0.10590928
244 290 0.11905056
244 330 0.13613491
244 337 0.17612134
245 202 0.14566781
245 213 0.10959039
245 217 0.06858788
245 259 0.08693119
245 327 0.06484352
245 374 0.14213761
245 390 0.07817794
246 207 0.10221690
246 220 0.32204991
246 261 0.29051645
246 314 0.08913939
246 324 0.07497196
246 329 0.14004168
246 345 0.10767607
247 329 0.06712236
247 368 0.05323778
247 394 0.04356172
247 400 0.04881674
247 409 0.05125486
248 275 0.07173761
248 306 0.07896495
248 317 0.06330930
248 337 0.07789910
248 381 0.07454117
249 232 0.13796876
249 252 0.24367100
249 254 0.19233088
249 260 0.11256854
249 295 0.11068696
249 365 0.17215698
249 379 0.23258535
249 381 0.14201194
250 137 0.07389225
250 148 0.05666146
250 361 0.14875815
250 595 0.06356505
250 791 0.05289377
251 275 0.08278471
251 303 0.10958400
251 312 0.08217881
251 330 0.08527564
251 399 0.69983732
252 232 0.18862815
252 249 0.24367100
252 254 0.60291360
252 260 0.12996981
252 264 0.13244807
252 288 0.11507803
252 295 0.13185518
252 355 0.08762609
252 365 0.25517170
252 379 0.33114700
252 381 0.16225999
252 384 0.06971114
253 210 0.15674205
253 234 0.08381696
253 237 0.09881252
253 286 0.21391142
253 292 0.09250133
253 306 0.11158677
253 316 0.08859023
253 376 0.07970931
253 395 0.13475327
254 249 0.19233088
254 252 0.60291360
254 264 0.08961093
254 310 0.10247102
254 379 0.09343083
254 853 0.08593521
255 227 0.05531538
255 375 0.08176474
255 400 0.12399114
255 510 0.05116048
255 766 0.05416799
256 228 0.09146523
256 244 0.09819946
256 284 0.19597148
256 317 0.09170509
256 346 0.08340900
257 93 0.05655708
257 212 0.07062981
257 375 0.07398664
257 595 0.07567687
257 935 0.05714092
258 229 0.22645626
258 298 0.11664966
258 350 0.53614920
258 368 0.25968593
258 371 0.40979329
258 394 0.50065443
258 449 0.05298890
259 202 0.08246206
259 210 0.09028591
259 245 0.08693119
259 335 0.08911479
259 390 0.18849485
260 232 0.13392783
260 249 0.11256854
260 252 0.12996981
260 264 0.10169615
260 349 0.05377554
260 379 0.16144186
260 381 0.30021016
261 220 0.17927500
261 246 0.29051645
261 278 0.09562133
261 325 0.09187579
261 963 0.07673959
262 222 0.09928537
262 266 0.21587205
262 369 0.45071451
262 390 0.30180422
262 392 0.14131167
262 605 0.08693677
262 1041 0.14845747
263 224 0.14941941
263 233 0.17107116
263 296 0.13767218
263 319 0.06341019
263 335 0.21656596
263 623 0.07924260
263 1066 0.08197678
264 252 0.13244807
264 254 0.08961093
264 260 0.10169615
264 301 0.11128566
264 379 0.09595362
265 221 0.05560127
265 292 0.05573759
265 366 0.05948474
265 694 0.06422362
265 745 0.05320422
266 210 0.22833079
266 222 0.09233864
266 234 0.08582024
266 262 0.21587205
266 280 0.18616037
266 342 0.21381169
266 345 0.16999949
266 369 0.14362183
266 372 0.22146666
266 390 0.17942569
266 392 0.23974663
267 204 0.11845179
267 283 0.43100971
267 308 0.31138415
267 342 0.15254647
267 395 0.22671682
268 330 0.09794230
268 337 0.09656423
268 367 0.08891903
268 373 0.09251047
268 433 0.09197923
268 473 0.08377632
269 204 0.10142666
269 281 0.12233119
269 288 0.08965311
269 310 0.13190198
269 395 0.08785885
270 228 0.19381250
270 231 0.80634690
270 299 0.20202510
270 339 0.12927750
270 357 0.12646503
270 379 0.13629002
271 190 0.07652558
271 230 0.08581319
271 310 0.08240800
271 320 0.09083863
271 368 0.07319688
272 299 0.04854155
272 317 0.07513236
272 326 0.06175390
272 393 0.05564969
272 422 0.05209954
273 17 0.08346283
273 33 0.11023117
273 50 0.12529533
273 277 0.06566284
273 328 0.11944200
273 347 0.07861635
273 969 0.08624394
274 227 0.12560247
274 280 0.06708387
274 312 0.07249663
274 335 0.06825249
274 373 0.06824603
275 201 0.09488682
275 215 0.09092290
275 235 0.11953559
275 244 0.10590928
275 248 0.07173761
275 251 0.08278471
275 284 0.07056620
275 287 0.12610709
275 312 0.17036543
275 330 0.31245149
275 337 0.19960535
275 344 0.11387849
275 366 0.15474473
275 373 0.14338847
275 389 0.10038942
275 559 0.05962723
276 207 0.11206815
276 211 0.16010466
276 243 0.22524779
276 326 0.14816153
276 334 0.10253401
276 345 0.11504509
276 365 0.19152870
277 212 0.05300702
277 273 0.06566284
277 318 0.29521734
277 370 0.06656137
277 384 0.08524230
277 388 0.09321371
278 207 0.10185698
278 240 0.09389595
278 261 0.09562133
278 331 0.13672048
278 339 0.10802727
278 375 0.09292238
279 317 0.05184810
279 326 0.06878068
279 334 0.05547522
279 469 0.06854911
279 625 0.05997034
280 215 0.12651151
280 266 0.18616037
280 274 0.06708387
280 333 0.17333051
280 366 0.27808853
280 369 0.09580745
280 372 0.24029388
280 378 0.10039357
280 392 0.17027148
281 203 0.15914275
281 216 0.06824556
281 269 0.12233119
281 300 0.09525699
281 302 0.10579888
281 310 0.15690812
281 311 0.11861504
281 321 0.11305086
281 322 0.14063244
281 331 0.10677654
281 391 0.08388949
281 395 0.13471275
282 287 0.11449532
282 312 0.08498918
282 344 0.07270344
282 373 0.09040158
282 485 0.07209840
283 204 0.17240066
283 238 0.07298455
283 267 0.43100971
283 289 0.11314863
283 290 0.12107643
283 308 0.73920639
283 313 0.11798007
283 342 0.17694480
283 343 0.17879109
283 351 0.06396229
283 395 0.27772057
284 256 0.19597148
284 275 0.07056620
284 330 0.07779712
284 338 0.08274897
284 483 0.08960402
284 854 0.04222572
285 202 0.16506335
285 214 0.12562627
285 294 0.10975954
285 317 0.10256831
285 355 0.17895293
285 358 0.10345763
285 360 0.31011532
285 396 0.13419721
285 663 0.05218622
286 204 0.10227497
286 253 0.21391142
286 306 0.12291738
286 353 0.16167602
286 382 0.32178185
287 224 0.08913925
287 225 0.17547710
287 275 0.12610709
287 282 0.11449532
287 330 0.13699729
287 337 0.10483241
287 674 0.10039802
287 810 0.06378701
288 226 0.09686546
288 252 0.11507803
288 269 0.08965311
288 300 0.08800942
288 311 0.12048904
288 322 0.12307668
289 241 0.29543141
289 283 0.11314863
289 342 0.18036326
289 343 0.18410782
289 395 0.18516096
290 204 0.17671813
290 218 0.08689804
290 230 0.09652975
290 238 0.09707833
290 244 0.11905056
290 283 0.12107643
290 291 0.07502648
290 342 0.16368057
290 346 0.12009838
290 391 0.15450383
291 290 0.07502648
291 294 0.07605253
291 303 0.08067647
291 322 0.08019229
291 339 0.07522237
292 203 0.07604543
292 231 0.07280890
292 253 0.09250133
292 265 0.05573759
292 316 0.07146241
292 327 0.07899780
292 385 0.08527477
293 88 0.08698681
293 320 0.11606512
293 663 0.07453539
293 968 0.08070921
293 1053 0.08726858
293 1123 0.07820999
294 202 0.09369845
294 285 0.10975954
294 291 0.07605253
294 315 0.07762085
294 360 0.08737586
295 85 0.05790521
295 219 0.09251634
295 231 0.09770285
295 232 0.12367523
295 249 0.11068696
295 252 0.13185518
295 300 0.09137837
296 227 0.08238602
296 233 0.14539608
296 263 0.13767218
296 335 0.07413487
296 394 0.08353091
297 215 0.08562827
297 305 0.09358695
297 322 0.08895235
297 374 0.07880292
297 392 0.10891304
298 229 0.11317183
298 258 0.11664966
298 368 0.12891769
298 371 0.07928718
298 859 0.07581885
299 226 0.09811924
299 228 0.16312996
299 231 0.25577033
299 237 0.11470055
299 270 0.20202510
299 272 0.04854155
299 339 0.62047550
299 348 0.14695318
299 351 0.06371276
299 382 0.07886289
299 386 0.08119302
299 393 0.52462155
299 398 0.08189483
300 281 0.09525699
300 288 0.08800942
300 295 0.09137837
300 311 0.10407773
300 322 0.11823004
300 1071 0.06146136
301 102 0.06823974
