1 4 0.18277184
1 10 0.11445344
1 26 0.22368871
1 48 0.16043463
1 51 0.14098346
1 64 0.22257827
1 81 0.13473254
1 83 0.20847771
1 85 0.14798432
1 129 0.18346313
2 7 0.19866980
2 29 0.21416867
2 32 0.12006218
2 50 0.19464774
2 80 0.20124323
2 110 0.09402812
2 130 0.17164291
2 132 0.10643340
2 135 0.11740145
2 140 0.15893564
2 614 0.14448322
2 683 0.11840557
2 764 0.12832566
2 838 0.18415177
2 842 0.22502901
2 870 0.12376712
3 38 0.18368005
3 79 0.20758599
3 115 0.19863666
3 127 0.17014511
3 334 0.05885419
3 755 0.19243509
3 880 0.16206388
4 1 0.18277184
4 24 0.08516119
4 26 0.15224239
4 48 0.14546075
4 64 0.19798896
4 129 0.16167018
5 14 0.35102562
5 17 0.12062098
5 30 0.39672944
5 34 0.43470350
5 40 0.31109918
5 57 0.49009358
5 73 0.43659841
5 136 0.08089784
5 149 0.43009232
6 42 0.22940284
6 43 0.25172579
6 123 0.29818169
6 128 0.14530463
6 148 0.16802265
6 833 0.12364730
7 2 0.19866980
7 24 0.09433556
7 29 0.17707235
7 35 0.15828747
7 74 0.18484825
7 80 0.26236123
7 118 0.14176662
7 126 0.05375150
7 132 0.09892674
7 133 0.20561825
7 870 0.10900641
8 46 0.10612442
8 136 0.04674729
8 392 0.04711458
8 741 0.05161266
8 896 0.05806734
9 29 0.15804525
9 44 0.24855865
9 55 0.21761391
9 58 0.15489720
9 75 0.13395547
9 105 0.11798291
9 755 0.14260136
10 1 0.11445344
10 26 0.15902124
10 51 0.11140027
10 61 0.10758289
10 129 0.13746786
10 499 0.07229100
11 29 0.11836697
11 75 0.10358100
11 137 0.10314163
11 233 0.08108462
11 676 0.09439119
11 758 0.09869289
12 18 0.19262087
12 25 0.18426559
12 60 0.17115205
12 65 0.16549284
12 88 0.14949365
12 103 0.12483260
12 334 0.05541009
13 40 0.09445208
13 57 0.07287348
13 73 0.09816439
13 145 0.07606076
13 149 0.08045272
13 653 0.04619795
14 5 0.35102562
14 30 0.32062242
14 57 0.73083231
14 73 0.38356331
14 149 0.35854732
15 45 0.09544602
15 112 0.32331661
15 147 0.12325056
15 844 0.17462330
15 888 0.07398809
16 25 0.18261613
16 60 0.17538420
16 68 0.18810339
16 125 0.14881740
16 139 0.10184302
16 142 0.20271135
16 407 0.06752535
17 5 0.12062098
17 30 0.14244695
17 57 0.11780096
17 73 0.15277608
17 149 0.11955876
17 682 0.04641607
17 703 0.11468947
18 12 0.19262087
18 25 0.28400614
18 33 0.22360280
18 60 0.26057010
18 65 0.17249937
18 88 0.22855745
18 96 0.17659109
18 103 0.09576268
18 761 0.05155517
19 28 0.12653562
19 33 0.11170329
19 65 0.24138557
19 104 0.17399846
19 105 0.16849785
19 126 0.05737935
19 292 0.06455772
20 24 0.10521663
20 58 0.37999953
20 93 0.10188439
20 120 0.13886384
20 159 0.06924561
20 726 0.08820002
21 58 0.10915249
21 83 0.09476668
21 106 0.15117702
21 752 0.09378764
21 761 0.04731529
21 774 0.08490776
21 856 0.10371562
22 31 0.35982101
22 99 0.08685976
22 106 0.18146129
22 127 0.08612867
22 135 0.21144860
22 671 0.07300527
23 51 0.08595244
23 55 0.06948674
23 91 0.07572190
23 634 0.06209946
23 697 0.07489404
23 769 0.07245708
24 4 0.08516119
24 7 0.09433556
24 20 0.10521663
24 66 0.08310908
24 80 0.13724250
24 704 0.14697671
25 12 0.18426559
25 16 0.18261613
25 18 0.28400614
25 33 0.39162518
25 60 0.65981381
25 68 0.17046044
25 74 0.18847178
25 76 0.15757429
25 88 0.35453116
25 91 0.21045277
25 96 0.27258540
25 125 0.14770576
25 142 0.33823960
25 336 0.07812239
25 761 0.05028049
26 1 0.22368871
26 4 0.15224239
26 10 0.15902124
26 51 0.16174752
26 61 0.16677049
26 64 0.16711584
26 81 0.14181733
26 83 0.16572479
26 85 0.30771504
26 129 0.19920469
27 35 0.12841839
27 74 0.10945930
27 133 0.17324746
27 437 0.06984192
27 882 0.15756775
27 888 0.09839607
28 19 0.12653562
28 44 0.08140530
28 127 0.09289631
28 145 0.22015495
28 543 0.09585706
28 897 0.05765607
29 2 0.21416867
29 7 0.17707235
29 9 0.15804525
29 11 0.11836697
29 32 0.10564472
29 35 0.12773524
29 58 0.12167553
29 69 0.23852652
29 80 0.17849699
29 99 0.15895344
29 110 0.09783702
29 112 0.13586986
29 120 0.18083959
29 130 0.17525251
29 134 0.12477180
29 135 0.12282052
29 137 0.14281900
29 140 0.16627599
29 601 0.17796500
29 636 0.10773918
29 662 0.14754731
29 712 0.12212683
29 718 0.13043383
29 725 0.10910682
29 741 0.08311329
29 764 0.12997656
29 777 0.04974022
29 779 0.05206464
29 806 0.09054852
29 809 0.21998892
29 818 0.12730186
29 843 0.06114074
29 865 0.09985110
29 870 0.12527466
29 893 0.09640645
30 5 0.39672944
30 14 0.32062242
30 17 0.14244695
30 34 0.53634109
30 40 0.35894476
30 57 0.41892543
30 59 0.06919726
30 70 0.10000529
30 73 0.61718551
30 94 0.08801016
30 119 0.07298270
30 138 0.10975211
30 149 0.45878293
30 333 0.07871132
30 617 0.11694132
30 638 0.08509293
30 662 0.15036851
30 663 0.11534927
30 690 0.10779876
30 694 0.09015046
30 700 0.13661405
30 718 0.13410240
30 720 0.08231486
30 729 0.11134373
30 740 0.27118458
30 742 0.11264831
30 758 0.11691675
30 772 0.06599392
30 792 0.10408896
30 828 0.13643042
30 869 0.10624895
30 883 0.04725481
30 892 0.11571326
31 22 0.35982101
31 58 0.07647281
31 106 0.08226890
31 135 0.23353474
31 671 0.08576606
32 2 0.12006218
32 29 0.10564472
32 134 0.10353386
32 785 0.11098870
32 823 0.10486489
33 18 0.22360280
33 19 0.11170329
33 25 0.39162518
33 60 0.34944819
33 88 0.28082440
33 93 0.17420820
33 96 0.25459531
33 104 0.13403714
34 5 0.43470350
34 30 0.53634109
34 40 0.36645220
34 57 0.43122500
34 73 0.61957328
34 149 0.39363100
34 740 0.25984384
35 7 0.15828747
35 27 0.12841839
35 29 0.12773524
35 118 0.13568876
35 133 0.17718356
35 870 0.12173351
35 882 0.09706021
36 51 0.12539367
36 61 0.15199905
36 64 0.20395978
36 70 0.11821156
36 83 0.21231531
36 95 0.13041428
37 99 0.06138852
37 113 0.10264923
37 626 0.06525936
37 681 0.06018845
37 711 0.13200761
38 3 0.18368005
38 79 0.13968664
38 101 0.70318004
38 115 0.15096454
38 127 0.14518593
39 67 0.08716477
39 84 0.25842007
39 137 0.10884268
39 290 0.08892272
39 826 0.08934719
40 5 0.31109918
40 13 0.09445208
40 30 0.35894476
40 34 0.36645220
40 73 0.42253351
40 149 0.36902364
40 740 0.18409289
40 772 0.07152042
40 822 0.07125574
40 826 0.08423357
41 54 0.10085223
41 107 0.11467352
41 122 0.13909828
41 141 0.18160582
41 769 0.11854566
42 6 0.22940284
42 43 0.25604824
42 54 0.11646416
42 117 0.19337818
42 123 0.33089909
43 6 0.25172579
43 42 0.25604824
43 54 0.10334952
43 93 0.09115315
43 123 0.33761197
43 744 0.10699066
44 9 0.24855865
44 28 0.08140530
44 55 0.22372506
44 75 0.14830113
44 755 0.16998144
44 825 0.06992174
44 846 0.08110962
44 854 0.18068356
44 872 0.06799938
44 880 0.15588858
45 15 0.09544602
45 73 0.21576339
45 147 0.57171150
45 844 0.10195779
45 856 0.06761487
46 8 0.10612442
46 98 0.07543962
46 636 0.07056643
46 738 0.06863694
46 851 0.09030564
47 163 0.05494631
47 300 0.06711156
47 511 0.06105497
47 825 0.05065672
47 839 0.05829355
47 890 0.05336561
48 1 0.16043463
48 4 0.14546075
48 61 0.15590894
48 64 0.17613089
48 65 0.15844096
48 83 0.15768940
48 704 0.06105288
48 735 0.10804480
48 749 0.08232253
49 63 0.18117865
49 103 0.08755457
49 444 0.09527366
49 783 0.09928308
49 793 0.07698740
50 2 0.19464774
50 58 0.12484271
50 67 0.18179207
50 99 0.16868275
50 100 0.63026041
50 130 0.15684290
50 137 0.20285911
50 140 0.20804511
50 683 0.13245882
50 712 0.12211706
50 741 0.07511721
50 783 0.11385563
50 806 0.09434595
50 821 0.12723186
51 1 0.14098346
51 10 0.11140027
51 23 0.08595244
51 26 0.16174752
51 36 0.12539367
51 61 0.13934455
51 83 0.15233687
51 769 0.16090618
51 839 0.10966591
52 70 0.25224297
52 625 0.10220102
52 642 0.10634562
52 717 0.08914190
52 732 0.10158247
53 66 0.07653015
53 84 0.44837996
53 90 0.17046169
53 109 0.66660855
53 143 0.18768681
53 604 0.11961817
53 732 0.12477789
54 41 0.10085223
54 42 0.11646416
54 43 0.10334952
54 71 0.27944279
54 116 0.16712972
54 123 0.15466701
54 128 0.12183088
54 707 0.09964451
54 766 0.05963342
54 878 0.07361444
55 9 0.21761391
55 23 0.06948674
55 44 0.22372506
55 755 0.16623148
55 831 0.12729459
55 845 0.12357530
56 67 0.18451631
56 130 0.13739792
56 133 0.13158274
56 514 0.07288279
56 769 0.25191917
56 894 0.12728114
57 5 0.49009358
57 13 0.07287348
57 14 0.73083231
57 17 0.11780096
57 30 0.41892543
57 34 0.43122500
57 73 0.51030830
57 149 0.47957586
58 9 0.15489720
58 20 0.37999953
58 21 0.10915249
58 29 0.12167553
58 31 0.07647281
58 50 0.12484271
58 140 0.12366167
59 30 0.06919726
59 73 0.06080208
59 80 0.09912756
59 706 0.06236380
59 740 0.06240070
60 12 0.17115205
60 16 0.17538420
60 18 0.26057010
60 25 0.65981381
60 33 0.34944819
60 76 0.14009244
60 88 0.32011173
60 91 0.28848095
60 96 0.24365230
60 142 0.26937653
60 336 0.06537123
60 704 0.06830687
61 10 0.10758289
61 26 0.16677049
61 36 0.15199905
61 48 0.15590894
61 51 0.13934455
61 64 0.28423869
61 81 0.19285314
61 83 0.22989947
61 108 0.44052659
61 136 0.10626884
61 210 0.03621895
61 819 0.09175588
61 824 0.11281168
61 841 0.15411064
62 89 0.14741159
62 657 0.10929258
62 668 0.10016964
62 737 0.15143280
62 744 0.11227678
62 754 0.11684208
62 801 0.04330842
63 49 0.18117865
63 103 0.11103559
63 762 0.06057485
63 773 0.05492640
63 826 0.05007662
64 1 0.22257827
64 4 0.19798896
64 26 0.16711584
64 36 0.20395978
64 48 0.17613089
64 61 0.28423869
64 81 0.13076749
64 83 0.19999091
64 129 0.15694813
64 136 0.09723544
65 12 0.16549284
65 18 0.17249937
65 19 0.24138557
65 48 0.15844096
65 69 0.38864854
65 103 0.08959412
65 105 0.13837062
65 333 0.07566558
65 739 0.17400953
65 819 0.05174133
66 24 0.08310908
66 53 0.07653015
66 84 0.07992509
66 126 0.16541711
66 420 0.04425528
66 877 0.07565827
67 39 0.08716477
67 50 0.18179207
67 56 0.18451631
67 87 0.08947991
67 100 0.16951915
67 130 0.14487308
67 769 0.24851690
68 16 0.18810339
68 25 0.17046044
68 99 0.18295033
68 102 0.08155822
68 125 0.17765176
68 142 0.18173857
69 29 0.23852652
69 65 0.38864854
69 104 0.10026357
69 120 0.24938164
69 213 0.05566610
69 442 0.04773712
69 601 0.19584047
69 678 0.08764505
69 739 0.19069437
69 792 0.10442546
69 809 0.29477868
70 30 0.10000529
70 36 0.11821156
70 52 0.25224297
70 611 0.10617830
70 642 0.09754620
71 54 0.27944279
71 99 0.11959251
71 116 0.15839823
71 121 0.07161407
71 123 0.15425294
71 128 0.11568433
71 704 0.06088191
71 707 0.10115526
72 771 0.14485953
72 796 0.12444842
72 799 0.16088174
72 820 0.05847265
72 821 0.12474200
72 900 0.16262716
73 5 0.43659841
73 13 0.09816439
73 14 0.38356331
73 17 0.15277608
73 30 0.61718551
73 34 0.61957328
73 40 0.42253351
73 45 0.21576339
73 57 0.51030830
73 59 0.06080208
73 147 0.20470869
73 149 0.54651944
73 650 0.09325497
73 729 0.11324849
73 740 0.28116301
73 770 0.07762637
73 863 0.09777222
73 887 0.08013966
74 7 0.18484825
74 25 0.18847178
74 27 0.10945930
74 91 0.19582318
74 112 0.12094430
74 118 0.19647380
74 133 0.76615695
74 764 0.10892987
74 888 0.09293336
75 9 0.13395547
75 11 0.10358100
75 44 0.14830113
75 105 0.12321398
75 117 0.14440533
75 137 0.17318282
75 140 0.14603928
76 25 0.15757429
76 60 0.14009244
76 78 0.33761409
76 87 0.12271737
76 90 0.09347434
76 116 0.13004489
76 132 0.11273367
76 142 0.16754690
76 410 0.05583490
77 92 0.15841621
77 95 0.16606487
77 98 0.37015703
77 108 0.23186969
77 114 0.09887412
77 144 0.17866010
77 303 0.05849370
77 840 0.05899794
78 76 0.33761409
78 86 0.25166760
78 87 0.16323554
78 106 0.15222336
78 116 0.16976670
79 3 0.20758599
79 38 0.13968664
79 102 0.14576723
79 107 0.11468487
79 115 0.75292136
79 145 0.08875235
80 2 0.20124323
80 7 0.26236123
80 24 0.13724250
80 29 0.17849699
80 59 0.09912756
80 99 0.16793408
80 133 0.16051126
80 421 0.08994638
80 435 0.07875157
80 546 0.05017512
80 607 0.12502594
80 677 0.13772381
80 764 0.11057910
80 850 0.10874798
80 870 0.12293219
81 1 0.13473254
81 26 0.14181733
81 61 0.19285314
81 64 0.13076749
81 83 0.11223437
82 663 0.14164163
82 755 0.22851920
82 853 0.14232485
82 880 0.14782102
82 899 0.20119511
83 1 0.20847771
83 21 0.09476668
83 26 0.16572479
83 36 0.21231531
83 48 0.15768940
83 51 0.15233687
83 61 0.22989947
83 64 0.19999091
83 81 0.11223437
83 129 0.16561834
83 735 0.13704796
84 39 0.25842007
84 53 0.44837996
84 66 0.07992509
84 90 0.15085787
84 109 0.28746697
84 143 0.18877524
84 685 0.12713680
85 1 0.14798432
85 26 0.30771504
85 92 0.18993168
85 95 0.17195273
85 100 0.18731973
85 826 0.10239202
86 78 0.25166760
86 259 0.07274836
86 596 0.07298919
86 656 0.14876683
86 684 0.05598041
86 705 0.13231766
87 67 0.08947991
87 76 0.12271737
87 78 0.16323554
87 106 0.20244513
87 116 0.19856410
88 12 0.14949365
88 18 0.22855745
88 25 0.35453116
88 33 0.28082440
88 60 0.32011173
88 96 0.21699037
88 146 0.15629515
88 348 0.05748540
88 755 0.21317928
88 845 0.17480868
88 857 0.13636436
89 62 0.14741159
89 161 0.05281375
89 452 0.05354574
89 726 0.06045311
89 900 0.07096899
90 53 0.17046169
90 76 0.09347434
90 84 0.15085787
90 109 0.09791362
90 143 0.14882510
91 23 0.07572190
91 25 0.21045277
91 60 0.28848095
91 74 0.19582318
91 133 0.16187836
91 142 0.20412527
91 839 0.08949193
91 872 0.07021504
92 77 0.15841621
92 85 0.18993168
92 95 0.32549453
92 98 0.18064409
92 108 0.12831688
93 20 0.10188439
93 33 0.17420820
93 43 0.09115315
93 99 0.12032473
93 626 0.10587724
94 30 0.08801016
94 316 0.05772403
94 740 0.07750816
94 790 0.08307967
94 808 0.07510259
94 875 0.07896073
95 36 0.13041428
95 77 0.16606487
95 85 0.17195273
95 92 0.32549453
95 98 0.20372885
95 114 0.18033043
95 144 0.11955165
95 674 0.08556482
95 791 0.04708916
95 893 0.08149843
96 18 0.17659109
96 25 0.27258540
96 33 0.25459531
96 60 0.24365230
96 88 0.21699037
96 104 0.09885669
96 402 0.05743909
97 755 0.13077483
97 831 0.11278005
97 840 0.11934114
97 845 0.12562144
97 865 0.12603492
98 46 0.07543962
98 77 0.37015703
98 92 0.18064409
98 95 0.20372885
98 108 0.33338409
98 114 0.12989045
98 120 0.10437494
98 144 0.24912137
98 303 0.06425154
99 22 0.08685976
99 29 0.15895344
99 37 0.06138852
99 50 0.16868275
99 68 0.18295033
99 71 0.11959251
99 80 0.16793408
99 93 0.12032473
99 110 0.08902501
99 112 0.11628606
99 119 0.07760351
99 138 0.12083829
99 140 0.15427465
99 245 0.07928659
99 299 0.12271804
99 404 0.06622838
99 546 0.04776200
99 609 0.09282695
99 614 0.11596713
99 626 0.18201870
99 636 0.08980801
99 669 0.15808862
99 677 0.14057411
99 722 0.15153826
99 725 0.12405929
99 742 0.11885432
99 765 0.07154069
99 798 0.08995019
99 804 0.10472261
99 806 0.08456909
99 817 0.14460725
99 821 0.13051729
99 824 0.09210206
99 836 0.08500639
99 850 0.09731248
99 878 0.08789244
99 879 0.06216458
100 50 0.63026041
100 67 0.16951915
100 85 0.18731973
100 757 0.15075974
100 845 0.14536098
101 38 0.70318004
101 603 0.11753632
101 642 0.09717140
101 645 0.12865126
101 689 0.08772367
101 719 0.08891497
101 780 0.06492057
101 866 0.05014294
102 68 0.08155822
102 79 0.14576723
102 115 0.16005474
102 127 0.22649928
102 481 0.07999208
103 12 0.12483260
103 18 0.09576268
103 49 0.08755457
103 63 0.11103559
103 65 0.08959412
103 764 0.10061970
104 19 0.17399846
104 33 0.13403714
104 69 0.10026357
104 96 0.09885669
104 626 0.10528297
105 9 0.11798291
105 19 0.16849785
105 65 0.13837062
105 75 0.12321398
105 140 0.15110707
106 21 0.15117702
106 22 0.18146129
106 31 0.08226890
106 78 0.15222336
106 87 0.20244513
106 116 0.17358544
106 127 0.12113329
107 41 0.11467352
107 79 0.11468487
107 115 0.16118553
107 122 0.13022517
107 141 0.14533749
107 145 0.15706734
107 322 0.07167452
107 361 0.10532301
107 769 0.14544261
107 798 0.09266862
108 61 0.44052659
108 77 0.23186969
108 92 0.12831688
108 98 0.33338409
108 144 0.14635237
108 755 0.17552690
108 819 0.10146969
108 824 0.10203229
108 880 0.16527944
109 53 0.66660855
109 84 0.28746697
109 90 0.09791362
109 143 0.12286620
109 604 0.09832022
109 732 0.12171109
109 801 0.09297222
110 2 0.09402812
110 29 0.09783702
110 99 0.08902501
110 140 0.09645912
110 299 0.10614595
111 207 0.03891039
111 337 0.03540357
111 447 0.04288266
111 777 0.04459115
111 846 0.04153222
112 15 0.32331661
112 29 0.13586986
112 74 0.12094430
112 99 0.11628606
112 133 0.12621158
112 537 0.07007538
112 844 0.10882883
112 888 0.11420149
113 37 0.10264923
113 741 0.06154236
113 771 0.09104430
113 799 0.11922701
113 855 0.05253886
114 77 0.09887412
114 95 0.18033043
114 98 0.12989045
114 652 0.10672006
114 790 0.12432153
115 3 0.19863666
115 38 0.15096454
115 79 0.75292136
115 102 0.16005474
115 107 0.16118553
115 145 0.13007039
115 361 0.07691202
116 54 0.16712972
116 71 0.15839823
116 76 0.13004489
116 78 0.16976670
116 87 0.19856410
116 106 0.17358544
116 563 0.14801318
117 42 0.19337818
117 75 0.14440533
117 123 0.14095417
117 128 0.12701119
117 707 0.11081157
118 7 0.14176662
118 35 0.13568876
118 74 0.19647380
118 132 0.11928218
118 133 0.16848894
118 141 0.16125081
118 143 0.15129822
118 306 0.08412471
118 839 0.09246334
119 30 0.07298270
119 99 0.07760351
119 626 0.08077996
119 700 0.07288019
119 756 0.09456813
120 20 0.13886384
120 29 0.18083959
120 69 0.24938164
120 98 0.10437494
120 809 0.44373776
121 71 0.07161407
121 124 0.11983833
121 282 0.07876173
121 653 0.05723471
121 725 0.07485011
121 753 0.06544647
121 772 0.07112634
121 793 0.07735937
122 41 0.13909828
122 107 0.13022517
122 131 0.38160457
122 134 0.14507659
122 141 0.17091601
122 150 0.16649755
122 167 0.07231192
122 634 0.07661108
122 769 0.31432036
122 785 0.16448587
123 6 0.29818169
123 42 0.33089909
123 43 0.33761197
123 54 0.15466701
123 71 0.15425294
123 117 0.14095417
123 128 0.15212995
123 148 0.17255874
123 688 0.07784246
124 121 0.11983833
124 178 0.04652913
124 231 0.04294747
124 282 0.03484949
124 811 0.04021812
125 16 0.14881740
125 25 0.14770576
125 68 0.17765176
125 132 0.19240778
125 142 0.15876803
126 7 0.05375150
126 19 0.05737935
126 66 0.16541711
126 144 0.10283931
126 617 0.04817728
127 3 0.17014511
127 22 0.08612867
127 28 0.09289631
127 38 0.14518593
127 102 0.22649928
127 106 0.12113329
127 689 0.12044163
127 719 0.10222034
128 6 0.14530463
128 54 0.12183088
128 71 0.11568433
128 117 0.12701119
128 123 0.15212995
128 148 0.13549153
128 603 0.14234752
128 614 0.11834767
128 680 0.08903496
128 717 0.10868453
128 775 0.11460965
128 809 0.09890824
128 817 0.14360604
128 833 0.12725613
128 874 0.10204433
129 1 0.18346313
129 4 0.16167018
129 10 0.13746786
129 26 0.19920469
129 64 0.15694813
129 83 0.16561834
130 2 0.17164291
130 29 0.17525251
130 50 0.15684290
130 56 0.13739792
130 67 0.14487308
130 769 0.17782930
130 842 0.18503001
130 873 0.03821835
131 122 0.38160457
131 134 0.14525941
131 150 0.14440276
131 634 0.07469091
131 772 0.69431188
131 785 0.16478896
131 848 0.11315425
131 869 0.10898704
132 2 0.10643340
132 7 0.09892674
132 76 0.11273367
132 118 0.11928218
132 125 0.19240778
133 7 0.20561825
133 27 0.17324746
133 35 0.17718356
133 56 0.13158274
133 74 0.76615695
133 80 0.16051126
133 91 0.16187836
133 112 0.12621158
133 118 0.16848894
133 764 0.11790447
133 888 0.11541352
134 29 0.12477180
134 32 0.10353386
134 122 0.14507659
134 131 0.14525941
134 150 0.14471515
134 715 0.07398870
134 785 0.19579073
134 873 0.04348457
135 2 0.11740145
135 22 0.21144860
135 29 0.12282052
135 31 0.23353474
135 671 0.06683184
135 842 0.10946813
136 5 0.08089784
136 8 0.04674729
136 61 0.10626884
136 64 0.09723544
136 139 0.10524937
136 841 0.09587894
137 11 0.10314163
137 29 0.14281900
137 39 0.10884268
137 50 0.20285911
137 75 0.17318282
137 140 0.24139238
137 537 0.08885128
137 712 0.11136347
137 722 0.16245664
137 783 0.13658176
137 806 0.08721536
137 824 0.13101658
137 865 0.11120769
138 30 0.10975211
138 99 0.12083829
138 722 0.09663329
138 740 0.09603840
138 818 0.09880916
139 16 0.10184302
139 136 0.10524937
139 210 0.03737608
139 789 0.36336069
139 802 0.47394072
139 847 0.41889651
140 2 0.15893564
140 29 0.16627599
140 50 0.20804511
140 58 0.12366167
140 75 0.14603928
140 99 0.15427465
140 105 0.15110707
140 110 0.09645912
140 137 0.24139238
140 783 0.10747304
141 41 0.18160582
141 107 0.14533749
141 118 0.16125081
141 122 0.17091601
141 142 0.53607032
141 769 0.15962800
142 16 0.20271135
142 25 0.33823960
142 60 0.26937653
142 68 0.18173857
142 76 0.16754690
142 91 0.20412527
142 125 0.15876803
142 141 0.53607032
142 234 0.06108567
142 284 0.12302610
142 336 0.08003145
142 392 0.06382379
143 53 0.18768681
143 84 0.18877524
143 90 0.14882510
143 109 0.12286620
143 118 0.15129822
143 769 0.15298584
143 839 0.12225792
144 77 0.17866010
144 95 0.11955165
144 98 0.24912137
144 108 0.14635237
144 126 0.10283931
144 303 0.05006886
145 13 0.07606076
145 28 0.22015495
145 79 0.08875235
145 107 0.15706734
145 115 0.13007039
145 361 0.08554501
145 798 0.08894119
146 88 0.15629515
146 755 0.21222296
146 819 0.05510515
146 831 0.14214119
146 845 0.17677830
146 899 0.14260952
147 15 0.12325056
147 45 0.57171150
147 73 0.20470869
147 676 0.07083275
147 844 0.10366379
148 6 0.16802265
148 123 0.17255874
148 128 0.13549153
148 631 0.13303358
148 632 0.09211331
148 833 0.10904407
149 5 0.43009232
149 13 0.08045272
149 14 0.35854732
149 17 0.11955876
149 30 0.45878293
149 34 0.39363100
149 40 0.36902364
149 57 0.47957586
149 73 0.54651944
150 122 0.16649755
150 131 0.14440276
150 134 0.14471515
150 785 0.20592141
150 833 0.10203349
151 160 0.14338503
151 169 0.08725562
151 178 0.07593010
151 225 0.10140341
151 232 0.21480709
151 236 0.08032616
151 243 0.11649761
151 252 0.05465653
151 267 0.08628803
151 268 0.10831132
152 211 0.07973234
152 218 0.07243990
152 262 0.06721603
152 282 0.07868199
152 283 0.07283936
152 402 0.05621859
152 866 0.05139773
153 178 0.12820797
153 203 0.08017571
153 213 0.08841178
153 277 0.07823889
153 299 0.09351099
154 176 0.07022027
154 183 0.27620667
154 186 0.11941014
154 190 0.10898650
154 192 0.08889966
154 211 0.12352499
154 239 0.11663237
154 243 0.12516160
154 244 0.13613532
154 261 0.07420369
154 278 0.11967560
154 279 0.24480795
154 300 0.11170161
155 257 0.08544928
155 270 0.54431302
155 274 0.08678959
155 282 0.06894957
155 291 0.10210319
156 217 0.07235755
156 250 0.06144493
156 253 0.48501275
156 273 0.07577116
156 594 0.06324887
157 166 0.11338115
157 174 0.07575491
157 200 0.06405817
157 227 0.05915232
157 296 0.11261049
157 299 0.06588601
158 159 0.06243570
158 168 0.16594189
158 260 0.09708536
158 262 0.09250809
158 263 0.05989896
158 266 0.08018982
158 275 0.08676228
159 20 0.06924561
159 158 0.06243570
159 161 0.06207612
159 226 0.07475501
159 299 0.06232206
160 151 0.14338503
160 169 0.06671614
160 203 0.08153616
160 221 0.09307135
160 267 0.08456501
160 268 0.14216916
161 89 0.05281375
161 159 0.06207612
161 194 0.36121203
161 205 0.06308391
161 249 0.39313173
161 291 0.06462876
162 174 0.13367427
162 184 0.10757649
162 198 0.10707103
162 271 0.23328603
162 892 0.08685762
163 47 0.05494631
163 264 0.06535784
163 275 0.09310620
163 284 0.07855876
163 370 0.08187481
163 374 0.03978705
163 511 0.13605904
163 531 0.08496296
164 175 0.06575967
164 188 0.06031853
164 245 0.06237188
164 261 0.06139954
164 279 0.08973395
164 290 0.07177910
164 653 0.04501758
165 230 0.08773033
165 233 0.08871017
165 241 0.08067625
165 255 0.06503667
165 295 0.08017461
165 352 0.10476235
166 157 0.11338115
166 181 0.05253297
166 200 0.19064892
166 222 0.10335009
166 223 0.07667139
166 227 0.07242699
166 252 0.07478007
166 264 0.07698771
166 267 0.09747626
166 283 0.11208012
166 296 0.13539661
167 122 0.07231192
167 203 0.11091772
167 207 0.11159948
167 258 0.07081555
167 293 0.11691951
167 452 0.05519737
168 158 0.16594189
168 177 0.07259456
168 260 0.08411263
168 266 0.10399276
168 290 0.07886262
168 299 0.09325327
169 151 0.08725562
169 160 0.06671614
169 231 0.06698104
169 268 0.05953850
169 277 0.05985042
170 176 0.11091782
170 183 0.12865922
170 192 0.10058879
170 246 0.09646450
170 279 0.09712841
171 214 0.24645490
171 228 0.15544705
171 242 0.08918616
171 248 0.10507148
171 258 0.45030699
171 283 0.10438566
171 492 0.08159827
172 190 0.07343831
172 214 0.07738838
172 258 0.09751425
172 265 0.06956869
172 279 0.06980177
173 201 0.55070222
173 254 0.10351588
173 299 0.08866349
173 382 0.07978902
173 465 0.05289843
173 601 0.08803200
174 157 0.07575491
174 162 0.13367427
174 193 0.10726617
174 198 0.12261916
174 233 0.08135553
174 237 0.12695714
174 296 0.09579172
175 164 0.06575967
175 183 0.12688706
175 185 0.18107953
175 188 0.07527435
175 195 0.07387991
175 206 0.19174781
175 261 0.08783003
175 293 0.09951768
175 294 0.08591628
176 154 0.07022027
176 170 0.11091782
176 183 0.15235300
176 203 0.10122715
176 279 0.11204571
177 168 0.07259456
177 232 0.09693921
177 234 0.08048042
177 235 0.06853374
177 244 0.07216497
177 290 0.07048059
178 124 0.04652913
178 151 0.07593010
178 153 0.12820797
178 194 0.07586578
178 217 0.07242124
178 230 0.07305181
178 299 0.08273957
179 191 0.05539046
179 205 0.10922761
179 230 0.12336039
179 254 0.13655008
179 268 0.12581952
179 269 0.08823341
179 295 0.11408698
179 298 0.15175990
179 688 0.06074307
180 217 0.06530438
180 227 0.08189292
180 294 0.06870052
180 524 0.05762417
180 594 0.06918029
181 166 0.05253297
181 267 0.12915079
181 289 0.07123795
181 369 0.04813468
181 392 0.04589424
182 183 0.07708487
182 208 0.07531234
182 229 0.07400023
182 284 0.06581729
182 300 0.14173620
183 154 0.27620667
183 170 0.12865922
183 175 0.12688706
183 176 0.15235300
183 182 0.07708487
183 230 0.12913297
183 244 0.11237155
183 264 0.05384497
183 265 0.05529255
183 278 0.10017299
183 279 0.18087070
183 288 0.03911407
183 300 0.15445974
184 162 0.10757649
184 241 0.08079356
184 243 0.08095692
184 270 0.07426399
184 282 0.12931654
184 287 0.10074805
184 433 0.06708461
185 175 0.18107953
185 206 0.11218620
185 221 0.07397262
185 229 0.06146784
185 274 0.06196398
186 154 0.11941014
186 211 0.16157888
186 216 0.16698632
186 218 0.20528294
186 225 0.11910612
186 239 0.10275764
186 262 0.10649882
186 278 0.08018321
187 224 0.09665791
187 229 0.12901104
187 251 0.09206771
187 253 0.05176581
187 257 0.12469836
187 274 0.13657971
187 291 0.13972454
188 164 0.06031853
188 175 0.07527435
188 218 0.06003265
188 266 0.06306922
188 537 0.06153506
189 207 0.07283720
189 221 0.04956869
189 266 0.07210228
189 275 0.05608387
189 300 0.07665843
190 154 0.10898650
190 172 0.07343831
190 193 0.07421640
190 194 0.09744131
190 195 0.07215545
190 239 0.09294021
190 243 0.12694449
190 261 0.06855018
190 282 0.10071991
190 291 0.09618131
191 179 0.05539046
191 206 0.06106087
191 210 0.04560674
191 272 0.08631267
191 289 0.11205905
191 655 0.06303650
192 154 0.08889966
192 170 0.10058879
192 211 0.14368330
192 216 0.10735091
192 238 0.08168206
192 282 0.10975263
193 174 0.10726617
193 190 0.07421640
193 198 0.08237441
193 237 0.09226329
193 725 0.09791088
194 161 0.36121203
194 178 0.07586578
194 190 0.09744131
194 221 0.06652928
194 239 0.13532766
194 249 0.62041036
194 277 0.12690422
194 291 0.12974556
194 293 0.12474206
195 175 0.07387991
195 190 0.07215545
195 261 0.05777922
195 266 0.18531946
195 293 0.08617112
196 211 0.06312982
196 218 0.05198105
196 244 0.05305737
196 282 0.07248013
196 877 0.05325016
197 204 0.21587205
197 224 0.12981203
197 230 0.10522300
197 247 0.07826405
197 260 0.12326912
197 274 0.12702260
197 276 0.08131294
198 162 0.10707103
198 174 0.12261916
198 193 0.08237441
198 220 0.07892459
198 282 0.09568945
198 328 0.08074253
199 211 0.06711096
199 257 0.07899238
199 286 0.04732641
199 439 0.04839577
199 754 0.05156620
200 157 0.06405817
200 166 0.19064892
200 222 0.09692250
200 252 0.12307625
200 267 0.08688047
200 283 0.13786370
201 173 0.55070222
201 230 0.09802474
201 254 0.14347814
201 295 0.08729834
201 299 0.08591174
201 413 0.06368875
202 219 0.11137455
202 256 0.11796328
202 273 0.06653609
202 277 0.07413974
202 282 0.06316148
203 153 0.08017571
203 160 0.08153616
203 167 0.11091772
203 176 0.10122715
203 224 0.08919790
203 241 0.08682479
203 273 0.07762085
203 279 0.20539360
204 197 0.21587205
204 206 0.09985187
204 220 0.04185738
204 243 0.13935606
204 247 0.10941346
204 260 0.15742357
204 276 0.09260847
204 286 0.09912502
204 394 0.07050392
205 161 0.06308391
205 179 0.10922761
205 215 0.17006050
205 230 0.10699075
205 254 0.12004046
205 298 0.11190055
205 634 0.04981920
206 175 0.19174781
206 185 0.11218620
206 191 0.06106087
206 204 0.09985187
206 218 0.10573480
206 262 0.08185558
206 272 0.08507124
206 277 0.09694870
206 499 0.08998955
207 111 0.03891039
207 167 0.11159948
207 189 0.07283720
207 369 0.09314912
207 395 0.06645194
207 452 0.06898144
208 182 0.07531234
208 215 0.09843952
208 246 0.07660507
208 295 0.09175736
208 300 0.10428329
208 424 0.06421971
209 218 0.41631681
209 225 0.19144321
209 229 0.11878443
209 271 0.44667313
209 272 0.08835580
209 274 0.11332193
209 286 0.10593817
210 61 0.03621895
210 139 0.03737608
210 191 0.04560674
210 289 0.06911063
210 475 0.07298622
211 152 0.07973234
211 154 0.12352499
211 186 0.16157888
211 192 0.14368330
211 196 0.06312982
211 199 0.06711096
211 216 0.36634396
211 238 0.10741924
211 241 0.12511159
211 246 0.10949503
211 276 0.06586849
211 279 0.11565765
212 240 0.05592301
212 269 0.16765042
212 282 0.06516405
212 289 0.08904257
212 361 0.06554431
212 419 0.06297263
213 69 0.05566610
213 153 0.08841178
213 277 0.05919875
213 434 0.08301079
213 688 0.07077640
214 171 0.24645490
214 172 0.07738838
214 228 0.07827840
214 241 0.08051501
214 247 0.06239897
214 258 0.67825898
214 265 0.07333502
215 205 0.17006050
215 208 0.09843952
215 230 0.11741089
215 231 0.09315938
215 254 0.10463576
215 295 0.11918486
215 297 0.17358563
216 186 0.16698632
216 192 0.10735091
216 211 0.36634396
216 228 0.38684004
216 238 0.09506489
216 242 0.34728107
216 246 0.12802875
216 276 0.06579135
216 283 0.32854836
216 292 0.07811363
216 867 0.07360338
217 156 0.07235755
217 178 0.07242124
217 180 0.06530438
217 226 0.07867240
217 241 0.08707200
217 299 0.08390976
217 876 0.03856591
218 152 0.07243990
218 186 0.20528294
218 188 0.06003265
218 196 0.05198105
218 206 0.10573480
218 209 0.41631681
218 219 0.13346906
218 225 0.22196887
218 226 0.09694463
218 232 0.08822560
218 249 0.08501681
218 262 0.11474843
218 271 0.19113246
218 272 0.09123467
218 286 0.13659459
219 202 0.11137455
219 218 0.13346906
219 256 0.10875959
219 262 0.13496584
219 273 0.08595115
219 277 0.10092028
219 288 0.03690476
220 198 0.07892459
220 204 0.04185738
220 328 0.04756265
220 460 0.06494003
220 595 0.04876231
221 160 0.09307135
221 185 0.07397262
221 189 0.04956869
221 194 0.06652928
221 290 0.06872090
221 293 0.06861004
222 166 0.10335009
222 200 0.09692250
222 235 0.09728123
222 259 0.07197964
222 267 0.07544682
223 166 0.07667139
223 264 0.07799609
223 285 0.06369009
223 296 0.10655374
223 391 0.07608879
224 187 0.09665791
224 197 0.12981203
224 203 0.08919790
224 241 0.20488979
224 251 0.21836631
224 266 0.09414794
224 271 0.14439299
224 274 0.33114700
224 277 0.08431840
224 291 0.24269448
225 151 0.10140341
225 186 0.11910612
225 209 0.19144321
225 218 0.22196887
225 226 0.11221271
225 579 0.10778273
226 159 0.07475501
226 217 0.07867240
226 218 0.09694463
226 225 0.11221271
226 238 0.09151982
226 246 0.10887177
226 252 0.06768719
226 284 0.09487819
226 466 0.08001115
226 502 0.09782297
226 579 0.10277673
227 157 0.05915232
227 166 0.07242699
227 180 0.08189292
227 232 0.05551096
227 299 0.06010462
228 171 0.15544705
228 214 0.07827840
228 216 0.38684004
228 237 0.12191121
228 242 0.57794354
228 248 0.09055134
228 258 0.12495033
228 283 0.52213773
229 182 0.07400023
229 185 0.06146784
229 187 0.12901104
229 209 0.11878443
229 251 0.09641423
229 257 0.12826396
229 272 0.11217998
229 274 0.14501409
229 291 0.13082835
229 552 0.04182780
230 165 0.08773033
230 178 0.07305181
230 179 0.12336039
230 183 0.12913297
230 197 0.10522300
230 201 0.09802474
230 205 0.10699075
230 215 0.11741089
230 231 0.12736483
230 233 0.06855404
230 254 0.19133054
230 268 0.18088496
230 295 0.77451805
230 298 0.13095861
231 124 0.04294747
231 169 0.06698104
231 215 0.09315938
231 230 0.12736483
231 254 0.09693228
231 265 0.06937188
231 268 0.12329131
231 295 0.11379162
232 151 0.21480709
232 177 0.09693921
232 218 0.08822560
232 227 0.05551096
232 235 0.05095934
232 236 0.09397660
232 249 0.14620077
232 263 0.06254597
233 11 0.08108462
233 165 0.08871017
233 174 0.08135553
233 230 0.06855404
233 299 0.08476891
234 142 0.06108567
234 177 0.08048042
234 272 0.06291666
234 280 0.05878062
234 282 0.07278587
234 473 0.04307326
235 177 0.06853374
235 222 0.09728123
235 232 0.05095934
235 271 0.08139082
235 286 0.05472910
236 151 0.08032616
236 232 0.09397660
236 243 0.07609558
236 263 0.05293124
236 279 0.08877164
236 622 0.06194601
236 866 0.05251445
237 174 0.12695714
237 193 0.09226329
237 228 0.12191121
237 242 0.11302949
237 283 0.12555058
238 192 0.08168206
238 211 0.10741924
238 216 0.09506489
238 226 0.09151982
238 279 0.06604889
238 379 0.06452245
239 154 0.11663237
239 186 0.10275764
239 190 0.09294021
239 194 0.13532766
239 243 0.12366173
239 244 0.08737809
239 277 0.08571725
240 212 0.05592301
240 321 0.05662043
240 389 0.06333046
240 466 0.05799598
240 683 0.06424391
241 165 0.08067625
241 184 0.08079356
241 203 0.08682479
241 211 0.12511159
241 214 0.08051501
241 217 0.08707200
241 224 0.20488979
241 274 0.09554708
241 291 0.09590700
241 466 0.12788299
242 171 0.08918616
242 216 0.34728107
242 228 0.57794354
242 237 0.11302949
242 248 0.06857927
242 283 0.45428853
243 151 0.11649761
243 154 0.12516160
243 184 0.08095692
243 190 0.12694449
243 204 0.13935606
243 236 0.07609558
243 239 0.12366173
243 244 0.09485721
243 278 0.27057875
244 154 0.13613532
244 177 0.07216497
244 183 0.11237155
244 196 0.05305737
244 239 0.08737809
244 243 0.09485721
244 278 0.12549841
244 292 0.06480281
245 99 0.07928659
245 164 0.06237188
245 297 0.08268745
245 308 0.09051111
245 536 0.08008498
245 888 0.08280824
246 170 0.09646450
246 208 0.07660507
246 211 0.10949503
246 216 0.12802875
246 226 0.10887177
246 247 0.09178804
246 292 0.16444613
246 579 0.06183898
247 197 0.07826405
247 204 0.10941346
247 214 0.06239897
247 246 0.09178804
247 260 0.10869975
248 171 0.10507148
248 228 0.09055134
248 242 0.06857927
248 258 0.07315993
248 283 0.06626953
249 161 0.39313173
249 194 0.62041036
249 218 0.08501681
249 232 0.14620077
249 291 0.10571132
250 156 0.06144493
250 261 0.19418314
250 266 0.06824430
250 290 0.15888603
250 293 0.06098033
251 187 0.09206771
251 224 0.21836631
251 229 0.09641423
251 274 0.16225999
251 291 0.14097648
252 151 0.05465653
252 166 0.07478007
252 200 0.12307625
252 226 0.06768719
252 283 0.06760128
253 156 0.48501275
253 187 0.05176581
253 273 0.05473874
253 534 0.05886651
253 569 0.05322520
254 173 0.10351588
254 179 0.13655008
254 201 0.14347814
254 205 0.12004046
254 215 0.10463576
254 230 0.19133054
254 231 0.09693228
254 257 0.10512169
254 280 0.06527469
254 295 0.15520976
254 298 0.13145333
255 165 0.06503667
255 548 0.12207729
255 561 0.07354068
255 569 0.14230187
255 590 0.09104053
256 202 0.11796328
256 219 0.10875959
256 273 0.07793996
256 402 0.05800071
256 776 0.07399693
256 794 0.30938895
257 155 0.08544928
257 187 0.12469836
257 199 0.07899238
257 229 0.12826396
257 254 0.10512169
257 270 0.08925269
257 274 0.15378077
257 291 0.15548108
258 167 0.07081555
258 171 0.45030699
258 172 0.09751425
258 214 0.67825898
258 228 0.12495033
258 248 0.07315993
258 265 0.08886397
258 275 0.07589541
259 86 0.07274836
259 222 0.07197964
259 267 0.11003478
259 326 0.07343699
259 380 0.07905741
259 403 0.12767681
259 420 0.04389394
259 449 0.07763416
260 158 0.09708536
260 168 0.08411263
260 197 0.12326912
260 204 0.15742357
260 247 0.10869975
260 276 0.17425427
261 154 0.07420369
261 164 0.06139954
261 175 0.08783003
261 190 0.06855018
261 195 0.05777922
261 250 0.19418314
261 290 0.10957588
262 152 0.06721603
262 158 0.09250809
262 186 0.10649882
262 206 0.08185558
262 218 0.11474843
262 219 0.13496584
262 383 0.06842302
263 158 0.05989896
263 232 0.06254597
263 236 0.05293124
263 279 0.07392016
263 437 0.05016285
264 163 0.06535784
264 166 0.07698771
264 183 0.05384497
264 223 0.07799609
264 386 0.05363406
265 172 0.06956869
265 183 0.05529255
265 214 0.07333502
265 231 0.06937188
265 258 0.08886397
266 158 0.08018982
266 168 0.10399276
266 188 0.06306922
266 189 0.07210228
266 195 0.18531946
266 224 0.09414794
266 250 0.06824430
266 290 0.08526958
266 293 0.10457926
266 294 0.06629945
266 297 0.09485539
267 151 0.08628803
267 160 0.08456501
267 166 0.09747626
267 181 0.12915079
267 200 0.08688047
267 222 0.07544682
267 259 0.11003478
268 151 0.10831132
268 160 0.14216916
268 169 0.05953850
268 179 0.12581952
268 230 0.18088496
268 231 0.12329131
268 287 0.12088099
268 295 0.17106138
268 298 0.11804870
269 179 0.08823341
269 212 0.16765042
269 280 0.51981561
269 282 0.07727900
269 289 0.09143828
269 749 0.07591022
270 155 0.54431302
270 184 0.07426399
270 257 0.08925269
270 274 0.08770328
270 291 0.10219912
271 162 0.23328603
271 209 0.44667313
271 218 0.19113246
271 224 0.14439299
271 235 0.08139082
271 274 0.11794929
271 416 0.05891162
272 191 0.08631267
272 206 0.08507124
272 209 0.08835580
272 218 0.09123467
272 229 0.11217998
272 234 0.06291666
272 275 0.06878618
273 156 0.07577116
273 202 0.06653609
273 203 0.07762085
273 219 0.08595115
273 253 0.05473874
273 256 0.07793996
273 299 0.07308426
274 155 0.08678959
274 185 0.06196398
274 187 0.13657971
274 197 0.12702260
274 209 0.11332193
274 224 0.33114700
274 229 0.14501409
274 241 0.09554708
274 251 0.16225999
274 257 0.15378077
274 270 0.08770328
274 271 0.11794929
274 288 0.04497548
274 291 0.22706028
275 158 0.08676228
275 163 0.09310620
275 189 0.05608387
275 258 0.07589541
275 272 0.06878618
275 285 0.06953958
276 197 0.08131294
276 204 0.09260847
276 211 0.06586849
276 216 0.06579135
276 260 0.17425427
277 153 0.07823889
277 169 0.05985042
277 194 0.12690422
277 202 0.07413974
277 206 0.09694870
277 213 0.05919875
277 219 0.10092028
277 224 0.08431840
277 239 0.08571725
278 154 0.11967560
278 183 0.10017299
278 186 0.08018321
278 243 0.27057875
278 244 0.12549841
279 154 0.24480795
279 164 0.08973395
279 170 0.09712841
279 172 0.06980177
279 176 0.11204571
279 183 0.18087070
279 203 0.20539360
279 211 0.11565765
279 236 0.08877164
279 238 0.06604889
279 263 0.07392016
279 300 0.10758097
280 234 0.05878062
280 254 0.06527469
280 269 0.51981561
280 482 0.06116676
280 532 0.06118261
281 339 0.07605904
281 340 0.07445156
281 387 0.07898587
281 390 0.07304682
281 397 0.08727715
282 121 0.07876173
282 124 0.03484949
282 152 0.07868199
282 155 0.06894957
282 184 0.12931654
282 190 0.10071991
282 192 0.10975263
282 196 0.07248013
282 198 0.09568945
282 202 0.06316148
282 212 0.06516405
282 234 0.07278587
282 269 0.07727900
282 284 0.10411697
282 442 0.04300405
282 866 0.05500709
283 152 0.07283936
283 166 0.11208012
283 171 0.10438566
283 200 0.13786370
283 216 0.32854836
283 228 0.52213773
283 237 0.12555058
283 242 0.45428853
283 248 0.06626953
283 252 0.06760128
284 142 0.12302610
284 163 0.07855876
284 182 0.06581729
284 226 0.09487819
284 282 0.10411697
284 285 0.10049841
284 286 0.12023933
284 374 0.02789360
285 223 0.06369009
285 275 0.06953958
285 284 0.10049841
285 450 0.05083544
285 509 0.06636089
285 526 0.07497134
285 571 0.15770955
286 199 0.04732641
286 204 0.09912502
286 209 0.10593817
286 218 0.13659459
286 235 0.05472910
286 284 0.12023933
286 289 0.17943744
287 184 0.10074805
287 268 0.12088099
287 491 0.08952766
287 578 0.11217926
287 676 0.07515725
288 183 0.03911407
288 219 0.03690476
288 274 0.04497548
288 300 0.03752743
288 857 0.03898688
289 181 0.07123795
289 191 0.11205905
289 210 0.06911063
289 212 0.08904257
289 269 0.09143828
289 286 0.17943744
289 299 0.08221579
290 39 0.08892272
290 164 0.07177910
290 168 0.07886262
290 177 0.07048059
290 221 0.06872090
290 250 0.15888603
290 261 0.10957588
290 266 0.08526958
290 293 0.10227388
291 155 0.10210319
291 161 0.06462876
291 187 0.13972454
291 190 0.09618131
291 194 0.12974556
291 224 0.24269448
291 229 0.13082835
291 241 0.09590700
291 249 0.10571132
291 251 0.14097648
291 257 0.15548108
291 270 0.10219912
291 274 0.22706028
291 296 0.08313497
292 19 0.06455772
292 216 0.07811363
292 244 0.06480281
292 246 0.16444613
292 412 0.06864786
293 167 0.11691951
293 175 0.09951768
293 194 0.12474206
293 195 0.08617112
293 221 0.06861004
293 250 0.06098033
293 266 0.10457926
293 290 0.10227388
293 294 0.07413487
293 403 0.08200066
294 175 0.08591628
